-0.9 -0.9 0.0000003311013918
-0.9 -0.8 0.0000003772298321
-0.9 -0.7 0.0000051370472244
-0.9 -0.6 0.0000413197807752
-0.9 -0.5 0.0001249799253215
-0.9 -0.4 0.0002277875159044
-0.9 -0.3 0.0002983126745525
-0.9 -0.2 0.0003191196445972
-0.9 -0.1 0.0003202550781444
-0.9 -1.38777878078e-16 0.0003203760738470
-0.9 0.1 0.0003203827149123
-0.9 0.2 0.0003203829523925
-0.9 0.3 0.0003203247782789
-0.9 0.4 0.0003154859790917
-0.9 0.5 0.0002790812806970
-0.9 0.6 0.0001954015268971
-0.9 0.7 0.0000925217851732
-0.9 0.8 0.0000219935339933
-0.9 0.9 0.0000012255829080
-0.9 1.0 0.0000004133091747

-0.8 -0.9 0.0000010992371385
-0.8 -0.8 0.0000012523808462
-0.8 -0.7 0.0000170546945186
-0.8 -0.6 0.0001371792408974
-0.8 -0.5 0.0004149259981869
-0.8 -0.4 0.0007562411496726
-0.8 -0.3 0.0009903805266493
-0.8 -0.2 0.0010594584429053
-0.8 -0.1 0.0010632280154724
-0.8 -1.38777878078e-16 0.0010636297140858
-0.8 0.1 0.0010636517620318
-0.8 0.2 0.0010636525504520
-0.8 0.3 0.0010634594158178
-0.8 0.4 0.0010473948872339
-0.8 0.5 0.0009265334306338
-0.8 0.6 0.0006487215717760
-0.8 0.7 0.0003071668827476
-0.8 0.8 0.0000730172387473
-0.8 0.9 0.0000040688631408
-0.8 1.0 0.0000013721621405

-0.7 -0.9 0.0000522659808566
-0.7 -0.8 0.0000595475817221
-0.7 -0.7 0.0008109081344011
-0.7 -0.6 0.0065225303328422
-0.7 -0.5 0.0197286950369041
-0.7 -0.4 0.0359573781383774
-0.7 -0.3 0.0470901208074032
-0.7 -0.2 0.0503746032200660
-0.7 -0.1 0.0505538369820383
-0.7 -1.38777878078e-16 0.0505729367479599
-0.7 0.1 0.0505739850727306
-0.7 0.2 0.0505740225601451
-0.7 0.3 0.0505648394905919
-0.7 0.4 0.0498010112736860
-0.7 0.5 0.0440543508344801
-0.7 0.6 0.0308450907134164
-0.7 0.7 0.0146050181999811
-0.7 0.8 0.0034717873596196
-0.7 0.9 0.0001934642813463
-0.7 1.0 0.0000652428831405

-0.6 -0.9 0.0002972186387749
-0.6 -0.8 0.0003386265959562
-0.6 -0.7 0.0046113553774001
-0.6 -0.6 0.0370913843980891
-0.6 -0.5 0.1121902963949299
-0.6 -0.4 0.2044772299122207
-0.6 -0.3 0.2677853046424633
-0.6 -0.2 0.2864630253275511
-0.6 -0.1 0.2874822660245178
-0.6 -1.38777878078e-16 0.2875908798175643
-0.6 0.1 0.2875968412796131
-0.6 0.2 0.2875970544576330
-0.6 0.3 0.2875448335026701
-0.6 0.4 0.2832012054071886
-0.6 0.5 0.2505219259743861
-0.6 0.6 0.1754054114067604
-0.6 0.7 0.0830537102248374
-0.6 0.8 0.0197428594322788
-0.6 0.9 0.0011001647613022
-0.6 1.0 0.0003710138143199

-0.5 -0.9 0.0006729909683704
-0.5 -0.8 0.0007667508392739
-0.5 -0.7 0.0104414734342648
-0.5 -0.6 0.0839858725117620
-0.5 -0.5 0.2540320368998364
-0.5 -0.4 0.4629969692867754
-0.5 -0.3 0.6063451882746108
-0.5 -0.2 0.6486370761004234
-0.5 -0.1 0.6509449387111990
-0.5 -1.38777878078e-16 0.6511908724859513
-0.5 0.1 0.6512043710004917
-0.5 0.2 0.6512048536986245
-0.5 0.3 0.6510866100003336
-0.5 0.4 0.6412513503737229
-0.5 0.5 0.5672557893894586
-0.5 0.6 0.3971697675711533
-0.5 0.7 0.1880581820216821
-0.5 0.8 0.0447036772071099
-0.5 0.9 0.0024910986441751
-0.5 1.0 0.0008400850875542

-0.4 -0.9 0.0009465704820513
-0.4 -0.8 0.0010784449504607
-0.4 -0.7 0.0146860671339028
-0.4 -0.6 0.1181272135366958
-0.4 -0.5 0.3572993382169865
-0.4 -0.4 0.6512112123395795
-0.4 -0.3 0.8528323322738827
-0.4 -0.2 0.9123164182833492
-0.4 -0.1 0.9155624568286799
-0.4 -1.38777878078e-16 0.9159083658566773
-0.4 0.1 0.9159273516915786
-0.4 0.2 0.9159280306127318
-0.4 0.3 0.9157617193251351
-0.4 0.4 0.9019282997349680
-0.4 0.5 0.7978525882880024
-0.4 0.6 0.5586244036177267
-0.4 0.7 0.2645062599294532
-0.4 0.8 0.0628762988987253
-0.4 0.9 0.0035037623909930
-0.4 1.0 0.0011815905170553

-0.3 -0.9 0.0010306863880127
-0.3 -0.8 0.0011742797306040
-0.3 -0.7 0.0159911277346732
-0.3 -0.6 0.1286244535983089
-0.3 -0.5 0.3890503362709115
-0.3 -0.4 0.7090803537683589
-0.3 -0.3 0.9286183044995235
-0.3 -0.2 0.9933883759478410
-0.3 -0.1 0.9969228700051523
-0.3 -1.38777878078e-16 0.9972995178442809
-0.3 0.1 0.9973201908337399
-0.3 0.2 0.9973209300864471
-0.3 0.3 0.9971398397360199
-0.3 0.4 0.9820771290962855
-0.3 0.5 0.8687528482897915
-0.3 0.6 0.6082659239201517
-0.3 0.7 0.2880113069473987
-0.3 0.8 0.0684637294658624
-0.3 0.9 0.0038151202384857
-0.3 1.0 0.0012865912102969

-0.2 -0.9 0.0010332705420897
-0.2 -0.8 0.0011772239043010
-0.2 -0.7 0.0160312209564459
-0.2 -0.6 0.1289469429704827
-0.2 -0.5 0.3900257697532555
-0.2 -0.4 0.7108581718403538
-0.2 -0.3 0.9309465517777774
-0.2 -0.2 0.9958790158279112
-0.2 -0.1 0.9994223716275864
-0.2 -1.38777878078e-16 0.9997999638044499
-0.2 0.1 0.9998206886255724
-0.2 0.2 0.9998214297317463
-0.2 0.3 0.9996398853485767
-0.2 0.4 0.9845394092298718
-0.2 0.5 0.8709309998992366
-0.2 0.6 0.6097909783746670
-0.2 0.7 0.2887334136927185
-0.2 0.8 0.0686353828685744
-0.2 0.9 0.0038246855714847
-0.2 1.0 0.0012898169732063

-0.1 -0.9 0.0010333528773916
-0.1 -0.8 0.0011773177104065
-0.1 -0.7 0.0160324983909244
-0.1 -0.6 0.1289572180001443
-0.1 -0.5 0.3900568486315963
-0.1 -0.4 0.7109148159812120
-0.1 -0.3 0.9310207334777272
-0.1 -0.2 0.9959583716171315
-0.1 -0.1 0.9995020097661602
-0.1 -1.38777878078e-16 0.9998796320311418
-0.1 0.1 0.9999003585037044
-0.1 0.2 0.9999010996689325
-0.1 0.3 0.9997195408195502
-0.1 0.4 0.9846178614319933
-0.1 0.5 0.8710003993099638
-0.1 0.6 0.6098395690604628
-0.1 0.7 0.2887564211741031
-0.1 0.8 0.0686408520218445
-0.1 0.9 0.0038249903383662
-0.1 1.0 0.0012899197511966

-1.38777878078e-16 -0.9 0.0010333522953860
-1.38777878078e-16 -0.8 0.0011773170473170
-1.38777878078e-16 -0.7 0.0160324893610922
-1.38777878078e-16 -0.6 0.1289571453687913
-1.38777878078e-16 -0.5 0.3900566289435697
-1.38777878078e-16 -0.4 0.7109144155793897
-1.38777878078e-16 -0.3 0.9310202091077325
-1.38777878078e-16 -0.2 0.9959578106729259
-1.38777878078e-16 -0.1 0.9995014468261049
-1.38777878078e-16 -1.38777878078e-16 0.9998790688784016
-1.38777878078e-16 0.1 0.9998997953392904
-1.38777878078e-16 0.2 0.9999005365041009
-1.38777878078e-16 0.3 0.9997189777569764
-1.38777878078e-16 0.4 0.9846173068749955
-1.38777878078e-16 0.5 0.8709999087446538
-1.38777878078e-16 0.6 0.6098392255862952
-1.38777878078e-16 0.7 0.2887562585405575
-1.38777878078e-16 0.8 0.0686408133619072
-1.38777878078e-16 0.9 0.0038249881840531
-1.38777878078e-16 1.0 0.0012899190246873

0.1 -0.9 0.0010333117538416
0.1 -0.8 0.0011772708575988
0.1 -0.7 0.0160318603579125
0.1 -0.6 0.1289520859888875
0.1 -0.5 0.3900413258390837
0.1 -0.4 0.7108865242508616
0.1 -0.3 0.9309836823614053
0.1 -0.2 0.9959187362275518
0.1 -0.1 0.9994622333531373
0.1 -1.38777878078e-16 0.9998398405901756
0.1 0.1 0.9998605662379025
0.1 0.2 0.9998613073736350
0.1 0.3 0.9996797557496104
0.1 0.4 0.9845786773519777
0.1 0.5 0.8709657367767345
0.1 0.6 0.6098152997440037
0.1 0.7 0.2887449297568179
0.1 0.8 0.0686381203746306
0.1 0.9 0.0038248381181666
0.1 1.0 0.0012898684172520

0.2 -0.9 0.0010330906056983
0.2 -0.8 0.0011770188995006
0.2 -0.7 0.0160284292383706
0.2 -0.6 0.1289244878179750
0.2 -0.5 0.3899578496619372
0.2 -0.4 0.7107343811688390
0.2 -0.3 0.9307844343493593
0.2 -0.2 0.9957055908930926
0.2 -0.1 0.9992483296436698
0.2 -1.38777878078e-16 0.9996258560656601
0.2 0.1 0.9996465772777084
0.2 0.2 0.9996473182548237
0.2 0.3 0.9994658054862601
0.2 0.4 0.9843679590033295
0.2 0.5 0.8707793337334794
0.2 0.6 0.6096847878043300
0.2 0.7 0.2886831329129715
0.2 0.8 0.0686234305263611
0.2 0.9 0.0038240195308961
0.2 1.0 0.0012895923611591

0.3 -0.9 0.0010322082612078
0.3 -0.8 0.0011760136283894
0.3 -0.7 0.0160147396392665
0.3 -0.6 0.1288143756836737
0.3 -0.5 0.3896247935308595
0.3 -0.4 0.7101273554520312
0.3 -0.3 0.9299894677578663
0.3 -0.2 0.9948551762852502
0.3 -0.1 0.9983948892450590
0.3 -1.38777878078e-16 0.9987720932283817
0.3 0.1 0.9987927967428076
0.3 0.2 0.9987935370870674
0.3 0.3 0.9986121793453625
0.3 0.4 0.9835272276671948
0.3 0.5 0.8700356164415536
0.3 0.6 0.6091640667654302
0.3 0.7 0.2884365737337198
0.3 0.8 0.0685648204630115
0.3 0.9 0.0038207535031671
0.3 1.0 0.0012884909430370

0.4 -0.9 0.0009809332409645
0.4 -0.8 0.0011175950661009
0.4 -0.7 0.0152192062861103
0.4 -0.6 0.1224155122284671
0.4 -0.5 0.3702701536520824
0.4 -0.4 0.6748517275632380
0.4 -0.3 0.8837921734933174
0.4 -0.2 0.9454356732447866
0.4 -0.1 0.9487995507065758
0.4 -1.38777878078e-16 0.9491580170546675
0.4 0.1 0.9491776921205127
0.4 0.2 0.9491783956881178
0.4 0.3 0.9490060469053865
0.4 0.4 0.9346704412959683
0.4 0.5 0.8268165340896950
0.4 0.6 0.5789037975651787
0.4 0.7 0.2741084660127148
0.4 0.8 0.0651588580333914
0.4 0.9 0.0036309572957717
0.4 1.0 0.0012244850619852

0.5 -0.9 0.0007360371173536
0.5 -0.8 0.0008385804624305
0.5 -0.7 0.0114196361744489
0.5 -0.6 0.0918537133591336
0.5 -0.5 0.2778298921424741
0.5 -0.4 0.5063707696441341
0.5 -0.3 0.6631479254164570
0.5 -0.2 0.7094017396067517
0.5 -0.1 0.7119258040045198
0.5 -1.38777878078e-16 0.7121947769850444
0.5 0.1 0.7122095400475483
0.5 0.2 0.7122100679650967
0.5 0.3 0.7120807471347654
0.5 0.4 0.7013241151973070
0.5 0.5 0.6203966110203988
0.5 0.6 0.4343768409417348
0.5 0.7 0.2056755717319029
0.5 0.8 0.0488915412732783
0.5 0.9 0.0027244660794509
0.5 1.0 0.0009187847017804

0.6 -0.9 0.0003603803869963
0.6 -0.8 0.0004105879234255
0.6 -0.7 0.0055913116429541
0.6 -0.6 0.0449736514463235
0.6 -0.5 0.1360317865618746
0.6 -0.4 0.2479305589698006
0.6 -0.3 0.3246921933185693
0.6 -0.2 0.3473391048192948
0.6 -0.1 0.3485749437233734
0.6 -1.38777878078e-16 0.3487066389660828
0.6 0.1 0.3487138672947268
0.6 0.2 0.3487141257750750
0.6 0.3 0.3486508073774252
0.6 0.4 0.3433841175746928
0.6 0.5 0.3037601847779547
0.6 0.6 0.2126807063802404
0.6 0.7 0.1007034025715207
0.6 0.8 0.0239384022211587
0.6 0.9 0.0013339600910361
0.6 1.0 0.0004498577294369

0.7 -0.9 0.0000867954698148
0.7 -0.8 0.0000988876559322
0.7 -0.7 0.0013466341078550
0.7 -0.6 0.0108316360918140
0.7 -0.5 0.0327624456003114
0.7 -0.4 0.0597125984757114
0.7 -0.3 0.0782001809232051
0.7 -0.2 0.0836545546751818
0.7 -0.1 0.0839521991146836
0.7 -1.38777878078e-16 0.0839839171295251
0.7 0.1 0.0839856580294277
0.7 0.2 0.0839857202828801
0.7 0.3 0.0839704704239248
0.7 0.4 0.0827020195528686
0.7 0.5 0.0731588313353629
0.7 0.6 0.0512228814244752
0.7 0.7 0.0242538147289201
0.7 0.8 0.0057654215999902
0.7 0.9 0.0003212763429794
0.7 1.0 0.0001083455548226

0.8 -0.9 0.0000026862520039
0.8 -0.8 0.0000030604957203
0.8 -0.7 0.0000416772739228
0.8 -0.6 0.0003352306775819
0.8 -0.5 0.0010139721040048
0.8 -0.4 0.0018480582875485
0.8 -0.3 0.0024202345255784
0.8 -0.2 0.0025890431333604
0.8 -0.1 0.0025982549963040
0.8 -1.38777878078e-16 0.0025992366440917
0.8 0.1 0.0025992905235841
0.8 0.2 0.0025992924502798
0.8 0.3 0.0025988204790552
0.8 0.4 0.0025595629152505
0.8 0.5 0.0022642086931064
0.8 0.6 0.0015853081752441
0.8 0.7 0.0007506366237382
0.8 0.8 0.0001784352957510
0.8 0.9 0.0000099432518998
0.8 1.0 0.0000033532103044

0.9 -0.9 0.0000001804360007
0.9 -0.8 0.0000002055740144
0.9 -0.7 0.0000027994695274
0.9 -0.6 0.0000225175012236
0.9 -0.5 0.0000681086774554
0.9 -0.4 0.0001241343872561
0.9 -0.3 0.0001625675617880
0.9 -0.2 0.0001739064644794
0.9 -0.1 0.0001745252268689
0.9 -1.38777878078e-16 0.0001745911643166
0.9 0.1 0.0001745947834112
0.9 0.2 0.0001745949128277
0.9 0.3 0.0001745632104408
0.9 0.4 0.0001719262732506
0.9 0.5 0.0001520872802728
0.9 0.6 0.0001064854178420
0.9 0.7 0.0000504203887765
0.9 0.8 0.0000119855289480
0.9 0.9 0.0000006678899092
0.9 1.0 0.0000002252357024

1.0 -0.9 0.0000001744334140
1.0 -0.8 0.0000001987351582
1.0 -0.7 0.0000027063392283
1.0 -0.6 0.0000217684087247
1.0 -0.5 0.0000658428976567
1.0 -0.4 0.0001200047932385
1.0 -0.3 0.0001571594065986
1.0 -0.2 0.0001681210966114
1.0 -0.1 0.0001687192745560
1.0 -1.38777878078e-16 0.0001687830184544
1.0 0.1 0.0001687865171521
1.0 0.2 0.0001687866422633
1.0 0.3 0.0001687559945237
1.0 0.4 0.0001662067806492
1.0 0.5 0.0001470277739050
1.0 0.6 0.0001029429542733
1.0 0.7 0.0000487430474655
1.0 0.8 0.0000115868048737
1.0 0.9 0.0000006456711330
1.0 1.0 0.0000002177427584

