-0.9 -0.9 0.0100245289522534
-0.9 -0.8 0.0115136891795930
-0.9 -0.7 0.0074799001109613
-0.9 -0.6 -0.0024994857389757
-0.9 -0.5 -0.0065480218252319
-0.9 -0.4 0.0017623240300083
-0.9 -0.3 0.0084988499933598
-0.9 -0.2 0.0029147544157155
-0.9 -0.1 -0.0042735611224237
-0.9 -1.38777878078e-16 -0.0026593013757195
-0.9 0.1 0.0001079865236267
-0.9 0.2 -0.0051546194260992
-0.9 0.3 -0.0123184102997166
-0.9 0.4 -0.0092872802999243
-0.9 0.5 0.0024273778146075
-0.9 0.6 0.0070802956639442
-0.9 0.7 -0.0015763579819973
-0.9 0.8 -0.0091303513590252
-0.9 0.9 -0.0043319350089860
-0.9 1.0 0.0049503320794674

-0.8 -0.9 -0.0061745819614000
-0.8 -0.8 -0.0113699180085764
-0.8 -0.7 -0.0208203688848759
-0.8 -0.6 -0.0351078827424106
-0.8 -0.5 -0.0458033711673559
-0.8 -0.4 -0.0461751149350542
-0.8 -0.3 -0.0437895646195589
-0.8 -0.2 -0.0472087658859006
-0.8 -0.1 -0.0515936910023690
-0.8 -1.38777878078e-16 -0.0499876365103932
-0.8 0.1 -0.0456181283923463
-0.8 0.2 -0.0437109999315674
-0.8 0.3 -0.0413938370207427
-0.8 0.4 -0.0320367180551373
-0.8 0.5 -0.0166016868316231
-0.8 0.6 -0.0057085359083610
-0.8 0.7 -0.0056041217494802
-0.8 0.8 -0.0086475823586365
-0.8 0.9 -0.0069307868964838
-0.8 1.0 -0.0043769841805759

-0.7 -0.9 -0.0132778847642719
-0.7 -0.8 -0.0246755618298814
-0.7 -0.7 -0.0384157228193804
-0.7 -0.6 -0.0505376699048982
-0.7 -0.5 -0.0532958564313794
-0.7 -0.4 -0.0439802761557710
-0.7 -0.3 -0.0320338557840919
-0.7 -0.2 -0.0272143588687992
-0.7 -0.1 -0.0273299542980950
-0.7 -1.38777878078e-16 -0.0254961128039325
-0.7 0.1 -0.0204239907705825
-0.7 0.2 -0.0134525708073086
-0.7 0.3 -0.0034462069311631
-0.7 0.4 0.0103553004153820
-0.7 0.5 0.0230574837389009
-0.7 0.6 0.0257558569607633
-0.7 0.7 0.0161895247429377
-0.7 0.8 0.0037823452509844
-0.7 0.9 -0.0027285979394213
-0.7 1.0 -0.0062420135060771

-0.6 -0.9 0.0038912673267587
-0.6 -0.8 0.0017953831102564
-0.6 -0.7 0.0070507550639729
-0.6 -0.6 0.0298749230744814
-0.6 -0.5 0.0758279482998457
-0.6 -0.4 0.1353504148449045
-0.6 -0.3 0.1862605640270927
-0.6 -0.2 0.2136574112933879
-0.6 -0.1 0.2218387717208084
-0.6 -1.38777878078e-16 0.2230790906950542
-0.6 0.1 0.2238994942335626
-0.6 0.2 0.2253211663894801
-0.6 0.3 0.2261738724413005
-0.6 0.4 0.2206397433736159
-0.6 0.5 0.1980402456257658
-0.6 0.6 0.1521824863092744
-0.6 0.7 0.0929602219028259
-0.6 0.8 0.0427659030152025
-0.6 0.9 0.0159688219931018
-0.6 1.0 0.0072454405344022

-0.5 -0.9 0.0175386444364170
-0.5 -0.8 0.0343121145451017
-0.5 -0.7 0.0764488096081022
-0.5 -0.6 0.1628677720627355
-0.5 -0.5 0.2943215758819617
-0.5 -0.4 0.4394752603188509
-0.5 -0.3 0.5525472854811707
-0.5 -0.2 0.6108888317371559
-0.5 -0.1 0.6276069340609663
-0.5 -1.38777878078e-16 0.6274462330865700
-0.5 0.1 0.6233314967067699
-0.5 0.2 0.6159173945119860
-0.5 0.3 0.5986436234679803
-0.5 0.4 0.5561381958212559
-0.5 0.5 0.4697311132106770
-0.5 0.6 0.3383461005920101
-0.5 0.7 0.1935464709807184
-0.5 0.8 0.0816552183044056
-0.5 0.9 0.0256646494170493
-0.5 1.0 0.0123334822756752

-0.4 -0.9 0.0000577145588188
-0.4 -0.8 0.0229258635572448
-0.4 -0.7 0.0884114841327349
-0.4 -0.6 0.2300231179799682
-0.4 -0.5 0.4452076935095449
-0.4 -0.4 0.6759950525910521
-0.4 -0.3 0.8463241483582730
-0.4 -0.2 0.9253761420973630
-0.4 -0.1 0.9415797439151690
-0.4 -1.38777878078e-16 0.9380749699326754
-0.4 0.1 0.9349588918751968
-0.4 0.2 0.9304278035336813
-0.4 0.3 0.9099076639883740
-0.4 0.4 0.8445595531350886
-0.4 0.5 0.7029557820554027
-0.4 0.6 0.4876340757823816
-0.4 0.7 0.2564778229680318
-0.4 0.8 0.0859103383970531
-0.4 0.9 0.0071666542721841
-0.4 1.0 -0.0078793173689053

-0.3 -0.9 -0.0264038517645124
-0.3 -0.8 -0.0170739307709444
-0.3 -0.7 0.0423077612038295
-0.3 -0.6 0.2057444657935042
-0.3 -0.5 0.4732096491653839
-0.3 -0.4 0.7624845661718146
-0.3 -0.3 0.9665085116744697
-0.3 -0.2 1.0468481359629429
-0.3 -0.1 1.0500520214847098
-0.3 -1.38777878078e-16 1.0390312461871558
-0.3 0.1 1.0401578225327004
-0.3 0.2 1.0492573654529036
-0.3 0.3 1.0454851668138063
-0.3 0.4 0.9862549654723803
-0.3 0.5 0.8227790687998749
-0.3 0.6 0.5553236092695057
-0.3 0.7 0.2655812506102568
-0.3 0.8 0.0604034701462617
-0.3 0.9 -0.0224993576172531
-0.3 1.0 -0.0310958507774270

-0.2 -0.9 -0.0315187409659773
-0.2 -0.8 -0.0414039869667477
-0.2 -0.7 -0.0039610253312836
-0.2 -0.6 0.1558094149580171
-0.2 -0.5 0.4460663974085629
-0.2 -0.4 0.7675784410881372
-0.2 -0.3 0.9864547710761701
-0.2 -0.2 1.0572376031526014
-0.2 -0.1 1.0427900345737966
-0.2 -1.38777878078e-16 1.0220965592986855
-0.2 0.1 1.0245585690705044
-0.2 0.2 1.0446655873465900
-0.2 0.3 1.0608720766611883
-0.2 0.4 1.0220961294713424
-0.2 0.5 0.8618384123534665
-0.2 0.6 0.5718824795846397
-0.2 0.7 0.2506229219622235
-0.2 0.8 0.0317280521608539
-0.2 0.9 -0.0410321088501558
-0.2 1.0 -0.0349989721289425

-0.1 -0.9 -0.0184872529054940
-0.1 -0.8 -0.0403355269082146
-0.1 -0.7 -0.0219264623815111
-0.1 -0.6 0.1272851440640447
-0.1 -0.5 0.4257081095969316
-0.1 -0.4 0.7651244330137479
-0.1 -0.3 0.9915384261904787
-0.1 -0.2 1.0533406219521799
-0.1 -0.1 1.0257362486172437
-0.1 -1.38777878078e-16 0.9981760979872341
-0.1 0.1 0.9989366257742468
-0.1 0.2 1.0210842687041344
-0.1 0.3 1.0472613689094246
-0.1 0.4 1.0252420995627172
-0.1 0.5 0.8750728837136333
-0.1 0.6 0.5770334657168568
-0.1 0.7 0.2382172898567920
-0.1 0.8 0.0132041543495481
-0.1 0.9 -0.0475861649591421
-0.1 1.0 -0.0256836860204346

-1.38777878078e-16 -0.9 -0.0063477411746060
-1.38777878078e-16 -0.8 -0.0324140272035205
-1.38777878078e-16 -0.7 -0.0244865585300938
-1.38777878078e-16 -0.6 0.1161904177832484
-1.38777878078e-16 -0.5 0.4169358719092293
-1.38777878078e-16 -0.4 0.7666221437536539
-1.38777878078e-16 -0.3 0.9980403855694767
-1.38777878078e-16 -0.2 1.0546755346087529
-1.38777878078e-16 -0.1 1.0203362085511729
-1.38777878078e-16 -1.38777878078e-16 0.9907400653295922
-1.38777878078e-16 0.1 0.9904907705352526
-1.38777878078e-16 0.2 1.0100784091375694
-1.38777878078e-16 0.3 1.0374906282290739
-1.38777878078e-16 0.4 1.0241960439995239
-1.38777878078e-16 0.5 0.8826504702451011
-1.38777878078e-16 0.6 0.5823664484735451
-1.38777878078e-16 0.7 0.2329189999565137
-1.38777878078e-16 0.8 0.0029344419726681
-1.38777878078e-16 0.9 -0.0508837163541208
-1.38777878078e-16 1.0 -0.0182441589058838

0.1 -0.9 -0.0050001468404908
0.1 -0.8 -0.0327239851024178
0.1 -0.7 -0.0298201123428785
0.1 -0.6 0.1051329183995656
0.1 -0.5 0.4054079661452712
0.1 -0.4 0.7602142567448854
0.1 -0.3 0.9946501535514982
0.1 -0.2 1.0485719438494250
0.1 -0.1 1.0114756728854415
0.1 -1.38777878078e-16 0.9831969248163088
0.1 0.1 0.9846300897731748
0.1 0.2 1.0029000686159733
0.1 0.3 1.0294831417763093
0.1 0.4 1.0203735213379495
0.1 0.5 0.8850704261501178
0.1 0.6 0.5854347918119435
0.1 0.7 0.2303146639557775
0.1 0.8 -0.0037090252457319
0.1 0.9 -0.0553887988737960
0.1 1.0 -0.0185683590322818

0.2 -0.9 -0.0049534566123961
0.2 -0.8 -0.0316454616675377
0.2 -0.7 -0.0277717207034523
0.2 -0.6 0.1073188832331135
0.2 -0.5 0.4092350729178513
0.2 -0.4 0.7681872487782425
0.2 -0.3 1.0054440585568651
0.2 -0.2 1.0585631765829302
0.2 -0.1 1.0204885864710038
0.2 -1.38777878078e-16 0.9939102447365823
0.2 0.1 0.9972725128296422
0.2 0.2 1.0145757954689720
0.2 0.3 1.0384119250464823
0.2 0.4 1.0280519898513989
0.2 0.5 0.8931432929576288
0.2 0.6 0.5920919928190145
0.2 0.7 0.2326572417017245
0.2 0.8 -0.0048279139296095
0.2 0.9 -0.0567194496422672
0.2 1.0 -0.0190178923320057

0.3 -0.9 0.0062394326150422
0.3 -0.8 -0.0131716527682311
0.3 -0.7 0.0001422988844831
0.3 -0.6 0.1434302586962919
0.3 -0.5 0.4511067989125561
0.3 -0.4 0.8141664473156226
0.3 -0.3 1.0535022466190187
0.3 -0.2 1.1063538694472794
0.3 -0.1 1.0674170092443862
0.3 -1.38777878078e-16 1.0405885849974830
0.3 0.1 1.0426125520643315
0.3 0.2 1.0550777169692558
0.3 0.3 1.0704757181112063
0.3 0.4 1.0505944032259793
0.3 0.5 0.9078631053000179
0.3 0.6 0.6013123972501457
0.3 0.7 0.2381569985024411
0.3 0.8 -0.0008286724345731
0.3 0.9 -0.0518068021698627
0.3 1.0 -0.0118139945953105

0.4 -0.9 0.0121178580994143
0.4 -0.8 -0.0015616834922588
0.4 -0.7 0.0171152169419402
0.4 -0.6 0.1603441837481553
0.4 -0.5 0.4603289459899563
0.4 -0.4 0.8114601934269758
0.4 -0.3 1.0398925727308996
0.4 -0.2 1.0857270795397473
0.4 -0.1 1.0435972072750714
0.4 -1.38777878078e-16 1.0155998629686334
0.4 0.1 1.0160496848134277
0.4 0.2 1.0246909122709176
0.4 0.3 1.0340720638041898
0.4 0.4 1.0089733451716749
0.4 0.5 0.8664797541832669
0.4 0.6 0.5676043732485986
0.4 0.7 0.2164629372519745
0.4 0.8 -0.0112429062084906
0.4 0.9 -0.0545385624079141
0.4 1.0 -0.0100176819698386

0.5 -0.9 -0.0051721365412830
0.5 -0.8 -0.0285393846885706
0.5 -0.7 -0.0289060225987993
0.5 -0.6 0.0802984808987920
0.5 -0.5 0.3320888226187072
0.5 -0.4 0.6320733660359996
0.5 -0.3 0.8207433161377584
0.5 -0.2 0.8446837000144748
0.5 -0.1 0.7950378161493826
0.5 -1.38777878078e-16 0.7671060116672804
0.5 0.1 0.7709639392954750
0.5 0.2 0.7854960986258364
0.5 0.3 0.8051161748751177
0.5 0.4 0.7994591394556617
0.5 0.5 0.6910869278261149
0.5 0.6 0.4401154206218992
0.5 0.7 0.1394990760312676
0.5 0.8 -0.0495252654932805
0.5 0.9 -0.0727543185834975
0.5 1.0 -0.0234639719052390

0.6 -0.9 -0.0187019695222589
0.6 -0.8 -0.0610486629193081
0.6 -0.7 -0.0985419819790771
0.6 -0.6 -0.0526252295752997
0.6 -0.5 0.1140768280910863
0.6 -0.4 0.3281201406628569
0.6 -0.3 0.4541670074613811
0.6 -0.2 0.4474228780016883
0.6 -0.1 0.3897031097010615
0.6 -1.38777878078e-16 0.3630101644660336
0.6 0.1 0.3713254842474004
0.6 0.2 0.3946658137143005
0.6 0.3 0.4328709070371412
0.6 0.4 0.4644070278086930
0.6 0.5 0.4194075516201899
0.6 0.6 0.2535485870268510
0.6 0.7 0.0387904992418572
0.6 0.8 -0.0881514512939852
0.6 0.9 -0.0823309391606303
0.6 1.0 -0.0285827711311798

0.7 -0.9 -0.0009304310268289
0.7 -0.8 -0.0493283851669607
0.7 -0.7 -0.1103195161337088
0.7 -0.6 -0.1195292333390878
0.7 -0.5 -0.0363258014433078
0.7 -0.4 0.0920218943436352
0.7 -0.3 0.1605742593742265
0.7 -0.2 0.1331539145894529
0.7 -0.1 0.0761275700801012
0.7 -1.38777878078e-16 0.0527261366380526
0.7 0.1 0.0598219572646803
0.7 0.2 0.0801808994400191
0.7 0.3 0.1217452448589588
0.7 0.4 0.1762443437194411
0.7 0.5 0.1863212733301583
0.7 0.6 0.1042077902126384
0.7 0.7 -0.0240992498863469
0.7 0.8 -0.0921656261162779
0.7 0.9 -0.0636379181637781
0.7 1.0 -0.0082343460451288

0.8 -0.9 0.0248316777147105
0.8 -0.8 -0.0101794738402959
0.8 -0.7 -0.0653132047568794
0.8 -0.6 -0.0965151078616441
0.8 -0.5 -0.0656242711722617
0.8 -0.4 0.0041567505130446
0.8 -0.3 0.0388818200165682
0.8 -0.2 0.0101745354980763
0.8 -0.1 -0.0337209955420332
0.8 -1.38777878078e-16 -0.0494793176378161
0.8 0.1 -0.0465060707673419
0.8 0.2 -0.0396107565230172
0.8 0.3 -0.0145749253569342
0.8 0.4 0.0340336547255672
0.8 0.5 0.0661142820312030
0.8 0.6 0.0361652918565692
0.8 0.7 -0.0334940263704171
0.8 0.8 -0.0668944320432827
0.8 0.9 -0.0343258370910162
0.8 1.0 0.0144173040384911

0.9 -0.9 0.0293334538237302
0.9 -0.8 0.0136659522481523
0.9 -0.7 -0.0193844596302917
0.9 -0.6 -0.0467831889869353
0.9 -0.5 -0.0385322438953681
0.9 -0.4 -0.0008561145846636
0.9 -0.3 0.0191198358701685
0.9 -0.2 0.0001026175225042
0.9 -0.1 -0.0259651411420771
0.9 -1.38777878078e-16 -0.0318841756380789
0.9 0.1 -0.0301387256390330
0.9 0.2 -0.0342492574797960
0.9 0.3 -0.0293062060541423
0.9 0.4 -0.0013158956493989
0.9 0.5 0.0273767063709224
0.9 0.6 0.0197409339183907
0.9 0.7 -0.0185912654451968
0.9 0.8 -0.0384604461252759
0.9 0.9 -0.0162406915980550
0.9 1.0 0.0177108374537416

1.0 -0.9 0.0206623696323055
1.0 -0.8 0.0185453472819262
1.0 -0.7 0.0059239402927465
1.0 -0.6 -0.0099031848666727
1.0 -0.5 -0.0091100326480731
1.0 -0.4 0.0111909797686135
1.0 -0.3 0.0239733654116131
1.0 -0.2 0.0140185381771855
1.0 -0.1 0.0008657420876390
1.0 -1.38777878078e-16 0.0011877397937366
1.0 0.1 0.0035686350312779
1.0 0.2 -0.0040462869819446
1.0 0.3 -0.0106906911903141
1.0 0.4 -0.0008619203869905
1.0 0.5 0.0167583068640707
1.0 0.6 0.0165834985660164
1.0 0.7 -0.0045540658502497
1.0 0.8 -0.0183486212746659
1.0 0.9 -0.0076839829100352
1.0 1.0 0.0113474966591809

