-0.9 -0.9 0.0000001033711256
-0.9 -0.8 0.0000024657724354
-0.9 -0.7 0.0000020620485296
-0.9 -0.6 -0.0000101997558580
-0.9 -0.5 -0.0000378591515991
-0.9 -0.4 -0.0000711391685725
-0.9 -0.3 -0.0000932629389334
-0.9 -0.2 -0.0000980476007219
-0.9 -0.1 -0.0000942777698749
-0.9 -1.38777878078e-16 -0.0000917901573176
-0.9 0.1 -0.0000921568997433
-0.9 0.2 -0.0000936236199197
-0.9 0.3 -0.0000955793384233
-0.9 0.4 -0.0000945839625202
-0.9 0.5 -0.0000823984876583
-0.9 0.6 -0.0000548283145126
-0.9 0.7 -0.0000215185259607
-0.9 0.8 0.0000005858649382
-0.9 0.9 0.0000052448552579
-0.9 1.0 0.0000015181047666

-0.8 -0.9 0.0000576708320101
-0.8 -0.8 0.0013756563751075
-0.8 -0.7 0.0011504184914591
-0.8 -0.6 -0.0056904517906378
-0.8 -0.5 -0.0211216503618301
-0.8 -0.4 -0.0396885979255950
-0.8 -0.3 -0.0520314667568584
-0.8 -0.2 -0.0547008333202022
-0.8 -0.1 -0.0525976417347746
-0.8 -1.38777878078e-16 -0.0512098007385828
-0.8 0.1 -0.0514144066254529
-0.8 0.2 -0.0522326909619017
-0.8 0.3 -0.0533237878485137
-0.8 0.4 -0.0527684668517211
-0.8 0.5 -0.0459701808718020
-0.8 0.6 -0.0305887596565268
-0.8 0.7 -0.0120052025057991
-0.8 0.8 0.0003268545083854
-0.8 0.9 0.0029261088607727
-0.8 1.0 0.0008469518396143

-0.7 -0.9 0.0000307704176142
-0.7 -0.8 0.0007339849223655
-0.7 -0.7 0.0006138086824738
-0.7 -0.6 -0.0030361548794840
-0.7 -0.5 -0.0112695097275640
-0.7 -0.4 -0.0211759513453623
-0.7 -0.3 -0.0277615200853570
-0.7 -0.2 -0.0291857673357707
-0.7 -0.1 -0.0280636041702569
-0.7 -1.38777878078e-16 -0.0273231181126352
-0.7 0.1 -0.0274322860987016
-0.7 0.2 -0.0278688837665708
-0.7 0.3 -0.0284510412574272
-0.7 0.4 -0.0281547483414823
-0.7 0.5 -0.0245275057411639
-0.7 0.6 -0.0163207097266558
-0.7 0.7 -0.0064054060219163
-0.7 0.8 0.0001743940458556
-0.7 0.9 0.0015612327495952
-0.7 1.0 0.0004518932863580

-0.6 -0.9 -0.0002539259638961
-0.6 -0.8 -0.0060570458039782
-0.6 -0.7 -0.0050653183619105
-0.6 -0.6 0.0250551865748658
-0.6 -0.5 0.0929990992025290
-0.6 -0.4 0.1747497848161468
-0.6 -0.3 0.2290957124883918
-0.6 -0.2 0.2408489932017655
-0.6 -0.1 0.2315885935859965
-0.6 -1.38777878078e-16 0.2254778986227172
-0.6 0.1 0.2263787829212679
-0.6 0.2 0.2299817071661840
-0.6 0.3 0.2347858311744563
-0.6 0.4 0.2323407403986291
-0.6 0.5 0.2024077350972914
-0.6 0.6 0.1346829932816467
-0.6 0.7 0.0528591752849431
-0.6 0.8 -0.0014391477147572
-0.6 0.9 -0.0128837227943213
-0.6 1.0 -0.0037291479028740

-0.5 -0.9 -0.0007057246034946
-0.5 -0.8 -0.0168340652636474
-0.5 -0.7 -0.0140778033789259
-0.5 -0.6 0.0696347129680170
-0.5 -0.5 0.2584680644824512
-0.5 -0.4 0.4856739370323497
-0.5 -0.3 0.6367150423591681
-0.5 -0.2 0.6693803879738490
-0.5 -0.1 0.6436433906744521
-0.5 -1.38777878078e-16 0.6266602208013561
-0.5 0.1 0.6291640065688070
-0.5 0.2 0.6391774460972089
-0.5 0.3 0.6525293241755936
-0.5 0.4 0.6457337972755355
-0.5 0.5 0.5625423899315670
-0.5 0.6 0.3743181696459221
-0.5 0.7 0.1469090436702460
-0.5 0.8 -0.0039997562076120
-0.5 0.9 -0.0358071306338643
-0.5 1.0 -0.0103642470614211

-0.4 -0.9 -0.0010411387528528
-0.4 -0.8 -0.0248348968241268
-0.4 -0.7 -0.0207686491023033
-0.4 -0.6 0.1027304388365953
-0.4 -0.5 0.3813117992131757
-0.4 -0.4 0.7165032288672766
-0.4 -0.3 0.9393305856730004
-0.4 -0.2 0.9875209945468980
-0.4 -0.1 0.9495518134558848
-0.4 -1.38777878078e-16 0.9244969461413473
-0.4 0.1 0.9281907218414238
-0.4 0.2 0.9429633114475431
-0.4 0.3 0.9626610201882274
-0.4 0.4 0.9526357406858976
-0.4 0.5 0.8299054324873832
-0.4 0.6 0.5522227089511866
-0.4 0.7 0.2167314243434970
-0.4 0.8 -0.0059007453744527
-0.4 0.9 -0.0528254097232467
-0.4 1.0 -0.0152901276310238

-0.3 -0.9 -0.0011474484071948
-0.3 -0.8 -0.0273707637196371
-0.3 -0.7 -0.0228893154411236
-0.3 -0.6 0.1132201429353008
-0.3 -0.5 0.4202471721015694
-0.3 -0.4 0.7896646690567769
-0.3 -0.3 1.0352447081683422
-0.3 -0.2 1.0883557923085732
-0.3 -0.1 1.0465096154699960
-0.3 -1.38777878078e-16 1.0188964202894606
-0.3 0.1 1.0229673637943233
-0.3 0.2 1.0392483679998028
-0.3 0.3 1.0609573904119971
-0.3 0.4 1.0499084394771574
-0.3 0.5 0.9146462601844962
-0.3 0.6 0.6086096267827874
-0.3 0.7 0.2388616569795164
-0.3 0.8 -0.0065032646826615
-0.3 0.9 -0.0582193603688886
-0.3 1.0 -0.0168513875292317

-0.2 -0.9 -0.0011351798508331
-0.2 -0.8 -0.0270781146077011
-0.2 -0.7 -0.0226445821225621
-0.2 -0.6 0.1120095894183190
-0.2 -0.5 0.4157538754230806
-0.2 -0.4 0.7812215482694340
-0.2 -0.3 1.0241758374716661
-0.2 -0.2 1.0767190561417628
-0.2 -0.1 1.0353203000114704
-0.2 -1.38777878078e-16 1.0080023460280774
-0.2 0.1 1.0120297628701971
-0.2 0.2 1.0281366900396478
-0.2 0.3 1.0496135988654263
-0.2 0.4 1.0386827836798125
-0.2 0.5 0.9048668320866773
-0.2 0.6 0.6021023525021684
-0.2 0.7 0.2363077402343846
-0.2 0.8 -0.0064337315613516
-0.2 0.9 -0.0575968770401821
-0.2 1.0 -0.0166712119358199

-0.1 -0.9 -0.0011185030770778
-0.1 -0.8 -0.0266803136859346
-0.1 -0.7 -0.0223119136272892
-0.1 -0.6 0.1103640716796275
-0.1 -0.5 0.4096460914334134
-0.1 -0.4 0.7697447280953650
-0.1 -0.3 1.0091298086731431
-0.1 -0.2 1.0609011220196098
-0.1 -0.1 1.0201105494200842
-0.1 -1.38777878078e-16 0.9931939198063084
-0.1 0.1 0.9971621704119550
-0.1 0.2 1.0130324728914064
-0.1 0.3 1.0341938673524897
-0.1 0.4 1.0234236352953356
-0.1 0.5 0.8915735557602081
-0.1 0.6 0.5932569482229870
-0.1 0.7 0.2328361751624553
-0.1 0.8 -0.0063392144805806
-0.1 0.9 -0.0567507291045005
-0.1 1.0 -0.0164262974145870

-1.38777878078e-16 -0.9 -0.0011149888853595
-1.38777878078e-16 -0.8 -0.0265964875979082
-1.38777878078e-16 -0.7 -0.0222418124861342
-1.38777878078e-16 -0.6 0.1100173220687923
-1.38777878078e-16 -0.5 0.4083590365012879
-1.38777878078e-16 -0.4 0.7673262899130157
-1.38777878078e-16 -0.3 1.0059592535901860
-1.38777878078e-16 -0.2 1.0575679081793044
-1.38777878078e-16 -0.1 1.0169054942727243
-1.38777878078e-16 -1.38777878078e-16 0.9900734332209959
-1.38777878078e-16 0.1 0.9940292160974961
-1.38777878078e-16 0.2 1.0098496561432326
-1.38777878078e-16 0.3 1.0309445642452824
-1.38777878078e-16 0.4 1.0202081708615083
-1.38777878078e-16 0.5 0.8887723471894674
-1.38777878078e-16 0.6 0.5913930117734624
-1.38777878078e-16 0.7 0.2321046340739722
-1.38777878078e-16 0.8 -0.0063192974901987
-1.38777878078e-16 0.9 -0.0565724256681365
-1.38777878078e-16 1.0 -0.0163746881168392

0.1 -0.9 -0.0011055933163651
0.1 -0.8 -0.0263723695483769
0.1 -0.7 -0.0220543895561671
0.1 -0.6 0.1090902497421947
0.1 -0.5 0.4049179569063885
0.1 -0.4 0.7608603356844226
0.1 -0.3 0.9974824340480306
0.1 -0.2 1.0486562029793018
0.1 -0.1 1.0083364351029704
0.1 -1.38777878078e-16 0.9817304771848112
0.1 0.1 0.9856529262483635
0.1 0.2 1.0013400537221775
0.1 0.3 1.0222572034025006
0.1 0.4 1.0116112813463902
0.1 0.5 0.8812830152167316
0.1 0.6 0.5864095774828554
0.1 0.7 0.2301487804040341
0.1 0.8 -0.0062660472772637
0.1 0.9 -0.0560957122806517
0.1 1.0 -0.0162367051163051

0.2 -0.9 -0.0011170299171537
0.2 -0.8 -0.0266451735332683
0.2 -0.7 -0.0222825270143592
0.2 -0.6 0.1102187131814723
0.2 -0.5 0.4091065540665903
0.2 -0.4 0.7687309114072346
0.2 -0.3 1.0078007022782807
0.2 -0.2 1.0595038285758194
0.2 -0.1 1.0187669804926305
0.2 -1.38777878078e-16 0.9918858022789032
0.2 0.1 0.9958488263743320
0.2 0.2 1.0116982263689562
0.2 0.3 1.0328317495448376
0.2 0.4 1.0220757027631342
0.2 0.5 0.8903992805537225
0.2 0.6 0.5924755803584156
0.2 0.7 0.2325295108991434
0.2 0.8 -0.0063308652172527
0.2 0.9 -0.0566759837582453
0.2 1.0 -0.0164046626390111

0.3 -0.9 -0.0011735184816681
0.3 -0.8 -0.0279926285843993
0.3 -0.7 -0.0234093616187567
0.3 -0.6 0.1157925091869706
0.3 -0.5 0.4297952049413755
0.3 -0.4 0.8076058824500379
0.3 -0.3 1.0587655100369093
0.3 -0.2 1.1130832801686077
0.3 -0.1 1.0702863564905531
0.3 -1.38777878078e-16 1.0420457883926051
0.3 0.1 1.0462092238994467
0.3 0.2 1.0628601331825531
0.3 0.3 1.0850623854667663
0.3 0.4 1.0737624019173737
0.3 0.5 0.9354270604106482
0.3 0.6 0.6224372622528489
0.3 0.7 0.2442886035395753
0.3 0.8 -0.0066510191207116
0.3 0.9 -0.0595421066040027
0.3 1.0 -0.0172342517391698

0.4 -0.9 -0.0011463124823668
0.4 -0.8 -0.0273436678346495
0.4 -0.7 -0.0228666559981870
0.4 -0.6 0.1131080598380707
0.4 -0.5 0.4198311453820285
0.4 -0.4 0.7888829348212747
0.4 -0.3 1.0342198602015908
0.4 -0.2 1.0872783666409522
0.4 -0.1 1.0454736157270010
0.4 -1.38777878078e-16 1.0178877564282265
0.4 0.1 1.0219546698731998
0.4 0.2 1.0382195565811205
0.4 0.3 1.0599070879899775
0.4 0.4 1.0488690750438194
0.4 0.5 0.9137407995212838
0.4 0.6 0.6080071292924538
0.4 0.7 0.2386251941591239
0.4 0.8 -0.0064968267288766
0.4 0.9 -0.0581617256931170
0.4 1.0 -0.0168347053765870

0.5 -0.9 -0.0008615639613261
0.5 -0.8 -0.0205513933933297
0.5 -0.7 -0.0171864888737853
0.5 -0.6 0.0850115737122458
0.5 -0.5 0.3155434406127788
0.5 -0.4 0.5929213166586258
0.5 -0.3 0.7773155865821247
0.5 -0.2 0.8171941517143440
0.5 -0.1 0.7857738650527983
0.5 -1.38777878078e-16 0.7650404415058754
0.5 0.1 0.7680971176844225
0.5 0.2 0.7803217426781782
0.5 0.3 0.7966220061398639
0.5 0.4 0.7883258789447514
0.5 0.5 0.6867639975753906
0.5 0.6 0.4569757713412652
0.5 0.7 0.1793497590878959
0.5 0.8 -0.0048829894628932
0.5 0.9 -0.0437141246881118
0.5 1.0 -0.0126528984680185

0.6 -0.9 -0.0004098731347011
0.6 -0.8 -0.0097769456601154
0.6 -0.7 -0.0081761545113390
0.6 -0.6 0.0404426853575428
0.6 -0.5 0.1501139612887891
0.6 -0.4 0.2820713604546604
0.6 -0.3 0.3697935271503660
0.6 -0.2 0.3887650176395521
0.6 -0.1 0.3738173968414953
0.6 -1.38777878078e-16 0.3639538536993446
0.6 0.1 0.3654080109103064
0.6 0.2 0.3712236503655869
0.6 0.3 0.3789781995127114
0.6 0.4 0.3750314702947137
0.6 0.5 0.3267152818843646
0.6 0.6 0.2173977792592376
0.6 0.7 0.0853223338776757
0.6 0.8 -0.0023229920095402
0.6 0.9 -0.0207961870747845
0.6 1.0 -0.0060193826470630

0.7 -0.9 -0.0000749007274942
0.7 -0.8 -0.0017866512357482
0.7 -0.7 -0.0014941206660220
0.7 -0.6 0.0073905467293124
0.7 -0.5 0.0274320123854009
0.7 -0.4 0.0515460719784297
0.7 -0.3 0.0675765300558192
0.7 -0.2 0.0710434038735560
0.7 -0.1 0.0683118570184588
0.7 -1.38777878078e-16 0.0665093808509098
0.7 0.1 0.0667751153520778
0.7 0.2 0.0678378725546499
0.7 0.3 0.0692549485309336
0.7 0.4 0.0685337183145005
0.7 0.5 0.0597043578239180
0.7 0.6 0.0397275411427268
0.7 0.7 0.0155919096371119
0.7 0.8 -0.0004245064551611
0.7 0.9 -0.0038003211460599
0.7 1.0 -0.0010999894873804

0.8 -0.9 0.0000332097569325
0.8 -0.8 0.0007921719220546
0.8 -0.7 0.0006624686542634
0.8 -0.6 -0.0032768474845299
0.8 -0.5 -0.0121629054078191
0.8 -0.4 -0.0228546848408370
0.8 -0.3 -0.0299623276378731
0.8 -0.2 -0.0314994827584511
0.8 -0.1 -0.0302883595805812
0.8 -1.38777878078e-16 -0.0294891711427175
0.8 0.1 -0.0296069934721876
0.8 0.2 -0.0300782026253754
0.8 0.3 -0.0307065109249299
0.8 0.4 -0.0303867292488177
0.8 0.5 -0.0264719352865766
0.8 0.6 -0.0176145416608730
0.8 0.7 -0.0069131975948065
0.8 0.8 0.0001882192158050
0.8 0.9 0.0016850002095895
0.8 1.0 0.0004877173390212

0.9 -0.9 0.0000207553917818
0.9 -0.8 0.0004950906034697
0.9 -0.7 0.0004140288196133
0.9 -0.6 -0.0020479599862444
0.9 -0.5 -0.0076015572007199
0.9 -0.4 -0.0142836919549143
0.9 -0.3 -0.0187258175385944
0.9 -0.2 -0.0196865067969308
0.9 -0.1 -0.0189295805687800
0.9 -1.38777878078e-16 -0.0184301047921560
0.9 0.1 -0.0185037412422441
0.9 0.2 -0.0187982369413685
0.9 0.3 -0.0191909162658069
0.9 0.4 -0.0189910595193138
0.9 0.5 -0.0165443965522667
0.9 0.6 -0.0110087139141534
0.9 0.7 -0.0043206014677231
0.9 0.8 0.0001176330068551
0.9 0.9 0.0010530892946175
0.9 1.0 0.0003048129641762

1.0 -0.9 -0.0000080551277492
1.0 -0.8 -0.0001921437138032
1.0 -0.7 -0.0001606837909355
1.0 -0.6 0.0007948093434205
1.0 -0.5 0.0029501497725829
1.0 -0.4 0.0055434734567865
1.0 -0.3 0.0072674538774347
1.0 -0.2 0.0076402955363432
1.0 -0.1 0.0073465339187065
1.0 -1.38777878078e-16 0.0071526883276112
1.0 0.1 0.0071812664926826
1.0 0.2 0.0072955597087773
1.0 0.3 0.0074479578015761
1.0 0.4 0.0073703937815145
1.0 0.5 0.0064208485758114
1.0 0.6 0.0042724607593816
1.0 0.7 0.0016768171442843
1.0 0.8 -0.0000456531443832
1.0 0.9 -0.0004087019357996
1.0 1.0 -0.0001182973268766

