0.0000000000000000 0.0000007254037009
0.1732050807568877 0.0000011646428032
0.3464101615137755 0.0000006332913614
0.5196152422706632 -0.0005782397959875
0.6928203230275509 0.0900071871164700
0.8660254037844386 0.4903828325467179
1.0392304845413265 0.9001882920123069
1.2124355652982142 0.9952792475326880
1.3856406460551018 0.9996875681571917
1.5588457268119895 0.9999501784269539
1.7320508075688772 0.9999835599361220
1.9052558883257651 0.9999354680547103
2.0784609690826530 1.0001413480064767
2.2516660498395407 0.9055008615929598
2.4248711305964283 0.5259882342499556
2.5980762113533160 0.1498621477707910
2.7712812921102037 0.0116931684705949
2.9444863728670914 0.0000427393324184
3.1176914536239790 -0.0000053051376218
3.2908965343808667 -0.0000008392354109
