0.0000000000000000 0.0000000000177275
0.1732050807568877 0.0000000005938894
0.3464101615137755 0.0000016649781795
0.5196152422706632 0.0024783109549649
0.6928203230275509 0.0881308141869991
0.8660254037844386 0.4956149554609987
1.0392304845413265 0.9172471577138287
1.2124355652982142 0.9955942071085365
1.3856406460551018 0.9997456771808281
1.5588457268119895 0.9999494739285881
1.7320508075688772 0.9999758178299362
1.9052558883257651 0.9999402557944085
2.0784609690826530 0.9986612621910625
2.2516660498395407 0.9547461283224377
2.4248711305964283 0.6216004820067189
2.5980762113533160 0.1582320340756522
2.7712812921102037 0.0077254498142213
2.9444863728670914 0.0000174436172204
3.1176914536239790 0.0000000033677894
3.2908965343808667 -0.0000000000111031
