0.0000000000000000 0.0329997531512978
0.1732050807568877 0.0402989248305258
0.3464101615137755 0.0573783834781020
0.5196152422706632 0.0876879480406773
0.6928203230275509 0.1344400139941485
0.8660254037844386 0.1980994521483315
1.0392304845413265 0.2740309742561720
1.2124355652982142 0.3517884123058961
1.3856406460551018 0.4169992755287689
1.5588457268119895 0.4554983024362713
1.7320508075688772 0.4581238622504728
1.9052558883257651 0.4241035688457901
2.0784609690826530 0.3614469822752227
2.2516660498395407 0.2840596571761661
2.4248711305964283 0.2068569986740047
2.5980762113533160 0.1411487320488072
2.7712812921102037 0.0922956510094525
2.9444863728670914 0.0602222241173730
3.1176914536239790 0.0417978595606653
3.2908965343808667 0.0334625322284688
