0.0000000000000000 0.0000000000484818
0.1732050807568877 0.0000000004449683
0.3464101615137755 0.0000004974431161
0.5196152422706632 0.0022019794939006
0.6928203230275509 0.0851789509806899
0.8660254037844386 0.4929722851922840
1.0392304845413265 0.9202799582679327
1.2124355652982142 0.9967106894553243
1.3856406460551018 0.9996616703427521
1.5588457268119895 0.9999220770671462
1.7320508075688772 0.9999524841083925
1.9052558883257651 0.9998770534340352
2.0784609690826530 0.9983811400164423
2.2516660498395407 0.9583856430631652
2.4248711305964283 0.6293841086070973
2.5980762113533160 0.1622301948262367
2.7712812921102037 0.0080693608055433
2.9444863728670914 0.0000157261450887
3.1176914536239790 0.0000000036504751
3.2908965343808667 0.0000000000678285
