0.0000000000000000 0.0000000017108018
0.1732050807568877 0.0000000042218061
0.3464101615137755 0.0000007552620895
0.5196152422706632 0.0003121928376715
0.6928203230275509 0.0910880182963657
0.8660254037844386 0.4896566006153534
1.0392304845413265 0.9011690345715818
1.2124355652982142 0.9960367320207429
1.3856406460551018 0.9996572106981310
1.5588457268119895 0.9999092405583277
1.7320508075688772 0.9999593387814057
1.9052558883257651 0.9998820903785820
2.0784609690826530 0.9974905060080760
2.2516660498395407 0.9055800087358477
2.4248711305964283 0.5266581374553901
2.5980762113533160 0.1502110918760753
2.7712812921102037 0.0117023076221357
2.9444863728670914 0.0000152873988683
3.1176914536239790 0.0000001994784444
3.2908965343808667 0.0000000078200519
