0.0000000000000000 -0.0022900226909137
0.1732050807568877 0.0040904864096351
0.3464101615137755 -0.0094176387290462
0.5196152422706632 -0.0612881658610567
0.6928203230275509 0.0806269525040612
0.8660254037844386 0.6036974202519881
1.0392304845413265 1.0768104550715509
1.2124355652982142 1.1185898019230429
1.3856406460551018 1.0023926971632620
1.5588457268119895 0.9794277768021781
1.7320508075688772 0.9819916444289820
1.9052558883257651 1.0107142833023619
2.0784609690826530 1.1109761380457475
2.2516660498395407 1.0439643906362355
2.4248711305964283 0.6222328363526417
2.5980762113533160 0.1742190925059325
2.7712812921102037 0.0012460501302215
2.9444863728670914 -0.0069975046836538
3.1176914536239790 0.0003975732513225
3.2908965343808667 -0.0008602612887447
