0.0000000000000000 0.0000000501920404
0.1732050807568877 -0.0000245457430491
0.3464101615137755 -0.0001159527785343
0.5196152422706632 -0.0007124057409086
0.6928203230275509 0.0756061219956914
0.8660254037844386 0.6217515459786257
1.0392304845413265 1.1786538834053892
1.2124355652982142 1.1331333324744794
1.3856406460551018 0.9932856601236162
1.5588457268119895 0.9832595309950990
1.7320508075688772 0.9897486343354494
1.9052558883257651 0.9965876000511508
2.0784609690826530 1.0956176643048625
2.2516660498395407 1.1839383985023266
2.4248711305964283 0.7996686501285404
2.5980762113533160 0.1711527496170459
2.7712812921102037 0.0023758896817950
2.9444863728670914 -0.0001311042551282
3.1176914536239790 -0.0000665329037483
3.2908965343808667 0.0000000653677218
