0.0000000000000000 0.0000000000000000
0.1732050807568877 0.0000000000000000
0.3464101615137755 0.0000000000000000
0.5196152422706632 0.0000000000000000
0.6928203230275509 0.0000000000000000
0.8660254037844386 1.0000000000000000
1.0392304845413265 1.0000000000000000
1.2124355652982142 1.0000000000000000
1.3856406460551018 1.0000000000000000
1.5588457268119895 1.0000000000000000
1.7320508075688772 1.0000000000000000
1.9052558883257651 1.0000000000000000
2.0784609690826530 1.0000000000000000
2.2516660498395407 1.0000000000000000
2.4248711305964283 1.0000000000000000
2.5980762113533160 1.0000000000000000
2.7712812921102037 0.0000000000000000
2.9444863728670914 0.0000000000000000
3.1176914536239790 0.0000000000000000
3.2908965343808667 0.0000000000000000
