-0.9 -0.9 0.0000015808430560
-0.9 -0.8 0.0000056253432099
-0.9 -0.7 0.0000062619889811
-0.9 -0.6 0.0000090950317611
-0.9 -0.5 0.0000315364661123
-0.9 -0.4 0.0000902922258684
-0.9 -0.3 0.0001607285072988
-0.9 -0.2 0.0001801202797383
-0.9 -0.1 0.0001796904742880
-0.9 -1.38777878078e-16 0.0002254795110448
-0.9 0.1 0.0002911143975766
-0.9 0.2 0.0002643099187778
-0.9 0.3 0.0001923240685472
-0.9 0.4 0.0002153559011971
-0.9 0.5 0.0001784837717610
-0.9 0.6 0.0001671355458185
-0.9 0.7 0.0001357353156682
-0.9 0.8 0.0000742883209856
-0.9 0.9 0.0000087462540121
-0.9 1.0 0.0000034041886663

-0.8 -0.9 0.0000299104382274
-0.8 -0.8 0.0000549975155294
-0.8 -0.7 0.0000762952380534
-0.8 -0.6 0.0001561721377104
-0.8 -0.5 0.0002156527109633
-0.8 -0.4 0.0004037666511488
-0.8 -0.3 0.0008248384488703
-0.8 -0.2 0.0013546397131736
-0.8 -0.1 0.0011503257093516
-0.8 -1.38777878078e-16 0.0013139676468354
-0.8 0.1 0.0012546773406257
-0.8 0.2 0.0013741189671871
-0.8 0.3 0.0012194879791353
-0.8 0.4 0.0013690731229894
-0.8 0.5 0.0018909253800412
-0.8 0.6 0.0021192511705832
-0.8 0.7 0.0019631116728963
-0.8 0.8 0.0011031205754852
-0.8 0.9 0.0002358852939510
-0.8 1.0 0.0000378366379085

-0.7 -0.9 0.0005151314787281
-0.7 -0.8 0.0004590448384854
-0.7 -0.7 0.0011604592233692
-0.7 -0.6 0.0039995233054953
-0.7 -0.5 0.0122956405240027
-0.7 -0.4 0.0252217501877017
-0.7 -0.3 0.0375453735431488
-0.7 -0.2 0.0454056151828187
-0.7 -0.1 0.0490362199919498
-0.7 -1.38777878078e-16 0.0503425828210661
-0.7 0.1 0.0512773169784294
-0.7 0.2 0.0526778894147066
-0.7 0.3 0.0540498652934041
-0.7 0.4 0.0536006137499474
-0.7 0.5 0.0506511696981685
-0.7 0.6 0.0418300980484524
-0.7 0.7 0.0273445844597422
-0.7 0.8 0.0126907374658223
-0.7 0.9 0.0034441897969814
-0.7 1.0 0.0008346587881370

-0.6 -0.9 0.0013677957503098
-0.6 -0.8 0.0038373147360174
-0.6 -0.7 0.0183668765037031
-0.6 -0.6 0.0542268403001245
-0.6 -0.5 0.1125847259122764
-0.6 -0.4 0.1798094003090505
-0.6 -0.3 0.2353232219672486
-0.6 -0.2 0.2678452862025316
-0.6 -0.1 0.2807372394832910
-0.6 -1.38777878078e-16 0.2836135258960183
-0.6 0.1 0.2835642051417134
-0.6 0.2 0.2817404778483100
-0.6 0.3 0.2746843352320573
-0.6 0.4 0.2566412019758330
-0.6 0.5 0.2206365752842842
-0.6 0.6 0.1639361858084472
-0.6 0.7 0.0970837423336728
-0.6 0.8 0.0399706984538826
-0.6 0.9 0.0077313244000829
-0.6 1.0 0.0014121811817182

-0.5 -0.9 0.0013478920045420
-0.5 -0.8 0.0039529362725860
-0.5 -0.7 0.0358350908619854
-0.5 -0.6 0.1298771440321186
-0.5 -0.5 0.2752934683807202
-0.5 -0.4 0.4325333080508509
-0.5 -0.3 0.5541031820788695
-0.5 -0.2 0.6198244171826740
-0.5 -0.1 0.6428036924951886
-0.5 -1.38777878078e-16 0.6462321416170433
-0.5 0.1 0.6451971176586596
-0.5 0.2 0.6375903668159462
-0.5 0.3 0.6161267858837111
-0.5 0.4 0.5670695757493192
-0.5 0.5 0.4743424800500677
-0.5 0.6 0.3376128389791531
-0.5 0.7 0.1864044476156358
-0.5 0.8 0.0657881640386682
-0.5 0.9 0.0078225064842473
-0.5 1.0 0.0016000375848281

-0.4 -0.9 0.0010427000936922
-0.4 -0.8 0.0020220129484263
-0.4 -0.7 0.0331823182741108
-0.4 -0.6 0.1539409591067221
-0.4 -0.5 0.3794689053480380
-0.4 -0.4 0.6239970214583964
-0.4 -0.3 0.8032387796207182
-0.4 -0.2 0.8896338763895986
-0.4 -0.1 0.9131635562127471
-0.4 -1.38777878078e-16 0.9154492433740229
-0.4 0.1 0.9154258149686902
-0.4 0.2 0.9106177506066075
-0.4 0.3 0.8892855218370289
-0.4 0.4 0.8268575339176145
-0.4 0.5 0.6915246271672517
-0.4 0.6 0.4819036979950573
-0.4 0.7 0.2506080286305752
-0.4 0.8 0.0737665070180085
-0.4 0.9 0.0056793956252980
-0.4 1.0 0.0012695707785689

-0.3 -0.9 0.0009784992077024
-0.3 -0.8 0.0014750702226962
-0.3 -0.7 0.0257270738644442
-0.3 -0.6 0.1485912654416050
-0.3 -0.5 0.4002960856666735
-0.3 -0.4 0.6949298913973330
-0.3 -0.3 0.9016790878431878
-0.3 -0.2 0.9850839604640528
-0.3 -0.1 0.9977468648845698
-0.3 -1.38777878078e-16 0.9979940877708271
-0.3 0.1 0.9981624602931886
-0.3 0.2 0.9985022485687891
-0.3 0.3 0.9929089001681362
-0.3 0.4 0.9480810899451710
-0.3 0.5 0.8064643956559947
-0.3 0.6 0.5584270686975038
-0.3 0.7 0.2771017071168944
-0.3 0.8 0.0737582367958589
-0.3 0.9 0.0048912934710560
-0.3 1.0 0.0012563171425814

-0.2 -0.9 0.0009262791398907
-0.2 -0.8 0.0011506610364357
-0.2 -0.7 0.0196156223316299
-0.2 -0.6 0.1396796266268120
-0.2 -0.5 0.3978379532138678
-0.2 -0.4 0.7073246943435051
-0.2 -0.3 0.9221976076341865
-0.2 -0.2 0.9953477262641218
-0.2 -0.1 0.9996444099368520
-0.2 -1.38777878078e-16 0.9998602612379363
-0.2 0.1 0.9999108478780619
-0.2 0.2 0.9999090787069226
-0.2 0.3 0.9995901382883130
-0.2 0.4 0.9786546706874863
-0.2 0.5 0.8492691723123885
-0.2 0.6 0.5887333284191613
-0.2 0.7 0.2841875920803482
-0.2 0.8 0.0717363371857296
-0.2 0.9 0.0046166935290359
-0.2 1.0 0.0012399075555697

-0.1 -0.9 0.0009140971980046
-0.1 -0.8 0.0010088114079454
-0.1 -0.7 0.0167505255449405
-0.1 -0.6 0.1334677599062539
-0.1 -0.5 0.3943124610464566
-0.1 -0.4 0.7098520190975870
-0.1 -0.3 0.9278892364978101
-0.1 -0.2 0.9963580220346901
-0.1 -0.1 0.9996518050919840
-0.1 -1.38777878078e-16 0.9998938076404774
-0.1 0.1 0.9999141701548064
-0.1 0.2 0.9999114931168528
-0.1 0.3 0.9996798917267588
-0.1 0.4 0.9840621373938188
-0.1 0.5 0.8645165595960715
-0.1 0.6 0.6009494932347741
-0.1 0.7 0.2863528475971249
-0.1 0.8 0.0700120085299363
-0.1 0.9 0.0038258289467671
-0.1 1.0 0.0012291248296798

-1.38777878078e-16 -0.9 0.0009052829083989
-1.38777878078e-16 -0.8 0.0010123857743285
-1.38777878078e-16 -0.7 0.0160428728175347
-1.38777878078e-16 -0.6 0.1305623477734858
-1.38777878078e-16 -0.5 0.3922367343136198
-1.38777878078e-16 -0.4 0.7109808097031721
-1.38777878078e-16 -0.3 0.9303895310811706
-1.38777878078e-16 -0.2 0.9969093503984429
-1.38777878078e-16 -0.1 0.9995634157414975
-1.38777878078e-16 -1.38777878078e-16 0.9998661318879127
-1.38777878078e-16 0.1 0.9999109706612311
-1.38777878078e-16 0.2 0.9999104303571202
-1.38777878078e-16 0.3 0.9996651363684880
-1.38777878078e-16 0.4 0.9846340591609745
-1.38777878078e-16 0.5 0.8695385090218879
-1.38777878078e-16 0.6 0.6063806437997480
-1.38777878078e-16 0.7 0.2874196500996689
-1.38777878078e-16 0.8 0.0688709855621652
-1.38777878078e-16 0.9 0.0033388426367278
-1.38777878078e-16 1.0 0.0012020756270810

0.1 -0.9 0.0009100539031239
0.1 -0.8 0.0010164308022602
0.1 -0.7 0.0160220644381068
0.1 -0.6 0.1298853013953627
0.1 -0.5 0.3914347653769865
0.1 -0.4 0.7113797543771705
0.1 -0.3 0.9312658821171194
0.1 -0.2 0.9970703467625102
0.1 -0.1 0.9994884012997526
0.1 -1.38777878078e-16 0.9998307190781685
0.1 0.1 0.9998491226066857
0.1 0.2 0.9998411424166057
0.1 0.3 0.9996007086413091
0.1 0.4 0.9845763093648319
0.1 0.5 0.8707069607994040
0.1 0.6 0.6085622005279225
0.1 0.7 0.2880362551749965
0.1 0.8 0.0683652351847802
0.1 0.9 0.0031627672701026
0.1 1.0 0.0011347696720239

0.2 -0.9 0.0008889661341369
0.2 -0.8 0.0010581928001467
0.2 -0.7 0.0164196588799652
0.2 -0.6 0.1304147151203719
0.2 -0.5 0.3916951287723430
0.2 -0.4 0.7115117515801013
0.2 -0.3 0.9313300747161293
0.2 -0.2 0.9969159297873103
0.2 -0.1 0.9992753069427180
0.2 -1.38777878078e-16 0.9996784571935748
0.2 0.1 0.9996570773029131
0.2 0.2 0.9996565972569588
0.2 0.3 0.9994259224704560
0.2 0.4 0.9844806108121642
0.2 0.5 0.8707097533262100
0.2 0.6 0.6089175863688989
0.2 0.7 0.2881362273106453
0.2 0.8 0.0681891697715994
0.2 0.9 0.0031414594535122
0.2 1.0 0.0011190336409013

0.3 -0.9 0.0008573771493695
0.3 -0.8 0.0010265912274608
0.3 -0.7 0.0178403376125586
0.3 -0.6 0.1317472482103877
0.3 -0.5 0.3922915106018107
0.3 -0.4 0.7114606580846546
0.3 -0.3 0.9307846710920658
0.3 -0.2 0.9960396955661768
0.3 -0.1 0.9984973793422229
0.3 -1.38777878078e-16 0.9987929899519521
0.3 0.1 0.9989473045987893
0.3 0.2 0.9983832175525469
0.3 0.3 0.9986165631731022
0.3 0.4 0.9827423199427232
0.3 0.5 0.8677028030944621
0.3 0.6 0.6056056496297111
0.3 0.7 0.2856739292519288
0.3 0.8 0.0672236272839625
0.3 0.9 0.0031165902842691
0.3 1.0 0.0010882821381225

0.4 -0.9 0.0005599730029280
0.4 -0.8 0.0005758230031223
0.4 -0.7 0.0181468017039576
0.4 -0.6 0.1295934160135425
0.4 -0.5 0.3805815172985977
0.4 -0.4 0.6852600211595610
0.4 -0.3 0.8900884954994526
0.4 -0.2 0.9471526732399661
0.4 -0.1 0.9489530589892154
0.4 -1.38777878078e-16 0.9489719279340117
0.4 0.1 0.9488622334701651
0.4 0.2 0.9484348276886683
0.4 0.3 0.9475308395923876
0.4 0.4 0.9265460628502298
0.4 0.5 0.8135458423473363
0.4 0.6 0.5633073742608438
0.4 0.7 0.2605099975502955
0.4 0.8 0.0578061207423409
0.4 0.9 0.0018725132464893
0.4 1.0 0.0007176379369391

0.5 -0.9 0.0001055501489081
0.5 -0.8 0.0001323921717314
0.5 -0.7 0.0075719998995423
0.5 -0.6 0.0845988704693443
0.5 -0.5 0.2803456667331769
0.5 -0.4 0.5244589305857266
0.5 -0.3 0.6808766367163346
0.5 -0.2 0.7152137292280883
0.5 -0.1 0.7146975547842586
0.5 -1.38777878078e-16 0.7143337899145571
0.5 0.1 0.7143053253771346
0.5 0.2 0.7147655633342047
0.5 0.3 0.7159644617728026
0.5 0.4 0.7079089395597480
0.5 0.5 0.6302504949584168
0.5 0.6 0.4344907621315116
0.5 0.7 0.1904779664622512
0.5 0.8 0.0344560320713914
0.5 0.9 0.0006700575052233
0.5 1.0 0.0001918787827198

0.6 -0.9 0.0000027246616224
0.6 -0.8 0.0000082630668611
0.6 -0.7 0.0000508575879571
0.6 -0.6 0.0181381017539626
0.6 -0.5 0.1187038513713432
0.6 -0.4 0.2646069118480950
0.6 -0.3 0.3507301837971373
0.6 -0.2 0.3588275780986364
0.6 -0.1 0.3562399177798934
0.6 -1.38777878078e-16 0.3539231249656809
0.6 0.1 0.3540418936567672
0.6 0.2 0.3571726954185862
0.6 0.3 0.3637964530306050
0.6 0.4 0.3682313667527612
0.6 0.5 0.3499086954440113
0.6 0.6 0.2467775347660412
0.6 0.7 0.0975533537123515
0.6 0.8 0.0098045533177539
0.6 0.9 0.0002606105687731
0.6 1.0 0.0000150144583483

0.7 -0.9 0.0000007914205040
0.7 -0.8 0.0000004570690669
0.7 -0.7 0.0000072470806123
0.7 -0.6 0.0001581452791610
0.7 -0.5 0.0172863983400145
0.7 -0.4 0.0712852358818413
0.7 -0.3 0.0983726138877697
0.7 -0.2 0.0970108148376805
0.7 -0.1 0.0907464029545600
0.7 -1.38777878078e-16 0.0871977905669375
0.7 0.1 0.0869690231830807
0.7 0.2 0.0899458112504360
0.7 0.3 0.0985833997000782
0.7 0.4 0.1092996429904336
0.7 0.5 0.1133893126713323
0.7 0.6 0.0920304601408904
0.7 0.7 0.0305870071772732
0.7 0.8 0.0006713156147681
0.7 0.9 0.0001148275702014
0.7 1.0 0.0000050952612606

0.8 -0.9 0.0000004151919232
0.8 -0.8 0.0000002807336922
0.8 -0.7 0.0000003739159673
0.8 -0.6 0.0000069448577968
0.8 -0.5 0.0003622649493056
0.8 -0.4 0.0058464838902154
0.8 -0.3 0.0087403113033426
0.8 -0.2 0.0073211455730998
0.8 -0.1 0.0042050561838844
0.8 -1.38777878078e-16 0.0027918617056236
0.8 0.1 0.0027677351924848
0.8 0.2 0.0028910604884542
0.8 0.3 0.0056366399757444
0.8 0.4 0.0111890416767388
0.8 0.5 0.0165722004851029
0.8 0.6 0.0175215406326533
0.8 0.7 0.0052032712474656
0.8 0.8 0.0001616999513685
0.8 0.9 0.0000164626207960
0.8 1.0 0.0000027529816881

0.9 -0.9 0.0000003435348806
0.9 -0.8 0.0000002954958388
0.9 -0.7 0.0000003229861534
0.9 -0.6 0.0000004930541223
0.9 -0.5 0.0000059784925751
0.9 -0.4 0.0000846715978275
0.9 -0.3 0.0001173783236308
0.9 -0.2 0.0000925765338024
0.9 -0.1 0.0000901287284676
0.9 -1.38777878078e-16 0.0000945778930364
0.9 0.1 0.0001175389053948
0.9 0.2 0.0001216883289490
0.9 0.3 0.0001689503285107
0.9 0.4 0.0002056005115641
0.9 0.5 0.0003586353429966
0.9 0.6 0.0008177716328126
0.9 0.7 0.0005689892110211
0.9 0.8 0.0000302054134518
0.9 0.9 0.0000027666606424
0.9 1.0 0.0000009986863017

1.0 -0.9 0.0000005703817770
1.0 -0.8 0.0000005132329232
1.0 -0.7 0.0000005998902075
1.0 -0.6 0.0000011521766728
1.0 -0.5 0.0000050176777336
1.0 -0.4 0.0000387732308362
1.0 -0.3 0.0000747588748862
1.0 -0.2 0.0000882336963342
1.0 -0.1 0.0000951181797810
1.0 -1.38777878078e-16 0.0001002410412790
1.0 0.1 0.0001079556136019
1.0 0.2 0.0001159615175763
1.0 0.3 0.0001168426673424
1.0 0.4 0.0001156711765890
1.0 0.5 0.0001207033652278
1.0 0.6 0.0001194783254123
1.0 0.7 0.0001089790186943
1.0 0.8 0.0000362001621784
1.0 0.9 0.0000029494380529
1.0 1.0 0.0000009837474059

