-0.9 -0.9 0.0000005794669973
-0.9 -0.8 0.0000013784574787
-0.9 -0.7 0.0000157689851909
-0.9 -0.6 0.0000872037194965
-0.9 -0.5 0.0002216419191502
-0.9 -0.4 0.0003897082678898
-0.9 -0.3 0.0005228416359298
-0.9 -0.2 0.0005789826875066
-0.9 -0.1 0.0005908843936409
-0.9 -1.38777878078e-16 0.0006168586957616
-0.9 0.1 0.0006068967671567
-0.9 0.2 0.0005761965830913
-0.9 0.3 0.0005634405307894
-0.9 0.4 0.0005184597496662
-0.9 0.5 0.0004585763560048
-0.9 0.6 0.0003428264214580
-0.9 0.7 0.0001703741145844
-0.9 0.8 0.0000341464081730
-0.9 0.9 0.0000027163630292
-0.9 1.0 0.0000007513708065

-0.8 -0.9 0.0000017835495824
-0.8 -0.8 0.0000076075658346
-0.8 -0.7 0.0000464523421648
-0.8 -0.6 0.0003315046009043
-0.8 -0.5 0.0009285518096183
-0.8 -0.4 0.0017105911343965
-0.8 -0.3 0.0022791557866141
-0.8 -0.2 0.0024585561167361
-0.8 -0.1 0.0024780996528093
-0.8 -1.38777878078e-16 0.0025097243349032
-0.8 0.1 0.0025056321460681
-0.8 0.2 0.0024724164801484
-0.8 0.3 0.0024275505444914
-0.8 0.4 0.0022456896143746
-0.8 0.5 0.0020253518608451
-0.8 0.6 0.0016952903804094
-0.8 0.7 0.0005783572389114
-0.8 0.8 0.0001290010616166
-0.8 0.9 0.0000099030532903
-0.8 1.0 0.0000023861693053

-0.7 -0.9 0.0000492660721160
-0.7 -0.8 0.0000865431257902
-0.7 -0.7 0.0011259575673376
-0.7 -0.6 0.0070699326542956
-0.7 -0.5 0.0203542579417827
-0.7 -0.4 0.0365765256496545
-0.7 -0.3 0.0478265163786924
-0.7 -0.2 0.0513558867539778
-0.7 -0.1 0.0515893967732756
-0.7 -1.38777878078e-16 0.0516705090341820
-0.7 0.1 0.0516523754988059
-0.7 0.2 0.0515614819073634
-0.7 0.3 0.0514839002714769
-0.7 0.4 0.0505012828295707
-0.7 0.5 0.0447409123284034
-0.7 0.6 0.0316142558736522
-0.7 0.7 0.0153115669718495
-0.7 0.8 0.0038366386962110
-0.7 0.9 0.0002426184541764
-0.7 1.0 0.0000616174152574

-0.6 -0.9 0.0002585779607051
-0.6 -0.8 0.0003343214026790
-0.6 -0.7 0.0060414181783169
-0.6 -0.6 0.0391236812952460
-0.6 -0.5 0.1126526459617723
-0.6 -0.4 0.2020508610526146
-0.6 -0.3 0.2638155501374564
-0.6 -0.2 0.2828211577741475
-0.6 -0.1 0.2837724892880248
-0.6 -1.38777878078e-16 0.2838844220933701
-0.6 0.1 0.2838967795729097
-0.6 0.2 0.2838819739779528
-0.6 0.3 0.2835897208421053
-0.6 0.4 0.2781881147299544
-0.6 0.5 0.2456670533762482
-0.6 0.6 0.1726116402667829
-0.6 0.7 0.0828891728066641
-0.6 0.8 0.0204504895055573
-0.6 0.9 0.0012419692495722
-0.6 1.0 0.0003141854800089

-0.5 -0.9 0.0005683062678252
-0.5 -0.8 0.0006783687925043
-0.5 -0.7 0.0134650191284424
-0.5 -0.6 0.0880571982964515
-0.5 -0.5 0.2536839101936862
-0.5 -0.4 0.4551740945451189
-0.5 -0.3 0.5943434587658701
-0.5 -0.2 0.6368803673714394
-0.5 -0.1 0.6388681247310954
-0.5 -1.38777878078e-16 0.6391946504506513
-0.5 0.1 0.6392482715326115
-0.5 0.2 0.6392547408479714
-0.5 0.3 0.6383405411861413
-0.5 0.4 0.6264105767909708
-0.5 0.5 0.5526306564085448
-0.5 0.6 0.3873298062084333
-0.5 0.7 0.1852223062588983
-0.5 0.8 0.0453914599147100
-0.5 0.9 0.0027838619398288
-0.5 1.0 0.0008388439586522

-0.4 -0.9 0.0009018580509751
-0.4 -0.8 0.0018576246112048
-0.4 -0.7 0.0193902150118673
-0.4 -0.6 0.1242715076813976
-0.4 -0.5 0.3576003209146584
-0.4 -0.4 0.6419397020499520
-0.4 -0.3 0.8389880113846760
-0.4 -0.2 0.8994419841373246
-0.4 -0.1 0.9020099940082276
-0.4 -1.38777878078e-16 0.9025008004726793
-0.4 0.1 0.9024261290852174
-0.4 0.2 0.9024807668624467
-0.4 0.3 0.9014738315713704
-0.4 0.4 0.8843850610102136
-0.4 0.5 0.7792682525519445
-0.4 0.6 0.5452478078279046
-0.4 0.7 0.2601061288824539
-0.4 0.8 0.0634308285457002
-0.4 0.9 0.0038111551440461
-0.4 1.0 0.0013766247380311

-0.3 -0.9 0.0010312240386362
-0.3 -0.8 0.0019442017870367
-0.3 -0.7 0.0213586880832807
-0.3 -0.6 0.1364014998349735
-0.3 -0.5 0.3924178636632025
-0.3 -0.4 0.7032261572132029
-0.3 -0.3 0.9205915117380420
-0.3 -0.2 0.9876164544564290
-0.3 -0.1 0.9904178286696300
-0.3 -1.38777878078e-16 0.9911816857920732
-0.3 0.1 0.9913418987412161
-0.3 0.2 0.9912328692510558
-0.3 0.3 0.9909368643984356
-0.3 0.4 0.9710545557988577
-0.3 0.5 0.8555522542806561
-0.3 0.6 0.5980783885095592
-0.3 0.7 0.2844197611034795
-0.3 0.8 0.0693226759068161
-0.3 0.9 0.0040964361972340
-0.3 1.0 0.0014272568926548

-0.2 -0.9 0.0010740732797936
-0.2 -0.8 0.0010040605226452
-0.2 -0.7 0.0214393139015561
-0.2 -0.6 0.1373028301091475
-0.2 -0.5 0.3951507618154657
-0.2 -0.4 0.7098728455190977
-0.2 -0.3 0.9285391721871322
-0.2 -0.2 0.9953575388120826
-0.2 -0.1 0.9983435299822986
-0.2 -1.38777878078e-16 0.9994448131010721
-0.2 0.1 0.9997331618186005
-0.2 0.2 0.9996374658097256
-0.2 0.3 0.9988761737242119
-0.2 0.4 0.9785367734711050
-0.2 0.5 0.8616446967320235
-0.2 0.6 0.6020826317212769
-0.2 0.7 0.2868990984670307
-0.2 0.8 0.0698485743119143
-0.2 0.9 0.0041172361850649
-0.2 1.0 0.0015608483040566

-0.1 -0.9 0.0011101199539307
-0.1 -0.8 0.0016363051379707
-0.1 -0.7 0.0216230269356938
-0.1 -0.6 0.1373859370667965
-0.1 -0.5 0.3952283371748872
-0.1 -0.4 0.7098478433360781
-0.1 -0.3 0.9283894351311431
-0.1 -0.2 0.9958908526951896
-0.1 -0.1 0.9992741740823422
-0.1 -1.38777878078e-16 0.9997145108585518
-0.1 0.1 0.9997373941880742
-0.1 0.2 0.9996005500263251
-0.1 0.3 0.9988311442785324
-0.1 0.4 0.9784451888420550
-0.1 0.5 0.8616499582996671
-0.1 0.6 0.6020781797023057
-0.1 0.7 0.2868595077438012
-0.1 0.8 0.0699302564520414
-0.1 0.9 0.0042645053385663
-0.1 1.0 0.0013899988150542

-1.38777878078e-16 -0.9 0.0010844047168172
-1.38777878078e-16 -0.8 0.0027183106379615
-1.38777878078e-16 -0.7 0.0218503446641044
-1.38777878078e-16 -0.6 0.1373429510170960
-1.38777878078e-16 -0.5 0.3952307958354481
-1.38777878078e-16 -0.4 0.7098897835798280
-1.38777878078e-16 -0.3 0.9284157979217035
-1.38777878078e-16 -0.2 0.9959048000851312
-1.38777878078e-16 -0.1 0.9992883162898261
-1.38777878078e-16 -1.38777878078e-16 0.9997421040196595
-1.38777878078e-16 0.1 0.9998086832945673
-1.38777878078e-16 0.2 0.9996470523040877
-1.38777878078e-16 0.3 0.9989382316729725
-1.38777878078e-16 0.4 0.9784732917631255
-1.38777878078e-16 0.5 0.8615850629944043
-1.38777878078e-16 0.6 0.6020754517050868
-1.38777878078e-16 0.7 0.2868623544488370
-1.38777878078e-16 0.8 0.0699854284607725
-1.38777878078e-16 0.9 0.0043574574951034
-1.38777878078e-16 1.0 0.0016960682566018

0.1 -0.9 0.0011400701606318
0.1 -0.8 0.0021093166623521
0.1 -0.7 0.0213954972471269
0.1 -0.6 0.1373402771213366
0.1 -0.5 0.3952259475199993
0.1 -0.4 0.7098485833194772
0.1 -0.3 0.9283028706417682
0.1 -0.2 0.9957559347950342
0.1 -0.1 0.9991354684193663
0.1 -1.38777878078e-16 0.9995287153178316
0.1 0.1 0.9995913155463836
0.1 0.2 0.9995122030060385
0.1 0.3 0.9992870451073744
0.1 0.4 0.9785550773798785
0.1 0.5 0.8613150482880458
0.1 0.6 0.6020462353832866
0.1 0.7 0.2868548314484543
0.1 0.8 0.0699076830901408
0.1 0.9 0.0043228080628556
0.1 1.0 0.0016952140301747

0.2 -0.9 0.0011190433085845
0.2 -0.8 0.0022769885442746
0.2 -0.7 0.0214414528071404
0.2 -0.6 0.1372460336693115
0.2 -0.5 0.3951301123745115
0.2 -0.4 0.7096471359217806
0.2 -0.3 0.9279688218316811
0.2 -0.2 0.9953428361143719
0.2 -0.1 0.9987036176043240
0.2 -1.38777878078e-16 0.9991408742430916
0.2 0.1 0.9991988160064258
0.2 0.2 0.9991512019435274
0.2 0.3 0.9990808044944801
0.2 0.4 0.9782188285756478
0.2 0.5 0.8608228835575717
0.2 0.6 0.6018597419036064
0.2 0.7 0.2867667479725101
0.2 0.8 0.0698042783551771
0.2 0.9 0.0042642090254820
0.2 1.0 0.0015123838388152

0.3 -0.9 0.0010141261756908
0.3 -0.8 0.0024183200458487
0.3 -0.7 0.0213235412711428
0.3 -0.6 0.1369990963615290
0.3 -0.5 0.3946716997405248
0.3 -0.4 0.7083939184483550
0.3 -0.3 0.9262351317523478
0.3 -0.2 0.9934512826878485
0.3 -0.1 0.9970231364490545
0.3 -1.38777878078e-16 0.9978255526934153
0.3 0.1 0.9975714519100360
0.3 0.2 0.9973260758500906
0.3 0.3 0.9966187387708757
0.3 0.4 0.9761638141140894
0.3 0.5 0.8597056645890546
0.3 0.6 0.6007139348440922
0.3 0.7 0.2861660197271662
0.3 0.8 0.0696289631420600
0.3 0.9 0.0042169118981862
0.3 1.0 0.0016447304164203

0.4 -0.9 0.0009262228952211
0.4 -0.8 0.0022631702232480
0.4 -0.7 0.0201328726579979
0.4 -0.6 0.1297975646306691
0.4 -0.5 0.3733271434378698
0.4 -0.4 0.6697821701303410
0.4 -0.3 0.8750570674488880
0.4 -0.2 0.9381292817019675
0.4 -0.1 0.9410363846295928
0.4 -1.38777878078e-16 0.9415624566583526
0.4 0.1 0.9417006497278427
0.4 0.2 0.9416523253324579
0.4 0.3 0.9410588658078041
0.4 0.4 0.9221197105049713
0.4 0.5 0.8128194891084523
0.4 0.6 0.5685862661055883
0.4 0.7 0.2711242153254981
0.4 0.8 0.0660851800258599
0.4 0.9 0.0039843845862990
0.4 1.0 0.0012723519419940

0.5 -0.9 0.0007059171155757
0.5 -0.8 0.0017835381495249
0.5 -0.7 0.0152795017116118
0.5 -0.6 0.0974243914067279
0.5 -0.5 0.2800690249193227
0.5 -0.4 0.5021949270224754
0.5 -0.3 0.6557380545151609
0.5 -0.2 0.7026878163520647
0.5 -0.1 0.7049115446837293
0.5 -1.38777878078e-16 0.7053394124554531
0.5 0.1 0.7054429642789974
0.5 0.2 0.7054230393050654
0.5 0.3 0.7050154603731286
0.5 0.4 0.6907464279240584
0.5 0.5 0.6091416005265106
0.5 0.6 0.4263905536338506
0.5 0.7 0.2035417959535313
0.5 0.8 0.0497234383385250
0.5 0.9 0.0030139493769294
0.5 1.0 0.0009099922061904

0.6 -0.9 0.0003368682984403
0.6 -0.8 0.0010325683081123
0.6 -0.7 0.0078050249491872
0.6 -0.6 0.0488588740397876
0.6 -0.5 0.1402324007818640
0.6 -0.4 0.2515195238437603
0.6 -0.3 0.3287740095432827
0.6 -0.2 0.3526488191427097
0.6 -0.1 0.3537800389815538
0.6 -1.38777878078e-16 0.3539095135411788
0.6 0.1 0.3539713553814658
0.6 0.2 0.3540225255055462
0.6 0.3 0.3535604581049896
0.6 0.4 0.3464389329945730
0.6 0.5 0.3050587268651719
0.6 0.6 0.2135688599555215
0.6 0.7 0.1020765846863151
0.6 0.8 0.0249900873827786
0.6 0.9 0.0014939068830529
0.6 1.0 0.0004894392765745

0.7 -0.9 0.0000950968846881
0.7 -0.8 0.0002403359992577
0.7 -0.7 0.0021012575041748
0.7 -0.6 0.0132339204000786
0.7 -0.5 0.0376407182859945
0.7 -0.4 0.0671847277621061
0.7 -0.3 0.0880525642555862
0.7 -0.2 0.0952112201654216
0.7 -0.1 0.0957930726521134
0.7 -1.38777878078e-16 0.0959554444120627
0.7 0.1 0.0959536134653953
0.7 0.2 0.0958412174589938
0.7 0.3 0.0955883007348095
0.7 0.4 0.0932113069564006
0.7 0.5 0.0817522752351037
0.7 0.6 0.0572761067464745
0.7 0.7 0.0274096240429701
0.7 0.8 0.0067219264637457
0.7 0.9 0.0004342475522122
0.7 1.0 0.0001288791589890

0.8 -0.9 0.0000117865141659
0.8 -0.8 0.0000279681437456
0.8 -0.7 0.0002396933318750
0.8 -0.6 0.0010571654527669
0.8 -0.5 0.0040297316163896
0.8 -0.4 0.0056079642835694
0.8 -0.3 0.0076272157033108
0.8 -0.2 0.0083930995548503
0.8 -0.1 0.0085422992268905
0.8 -1.38777878078e-16 0.0086356790066606
0.8 0.1 0.0084957967034312
0.8 0.2 0.0087054290002730
0.8 0.3 0.0092524239955397
0.8 0.4 0.0090921447564016
0.8 0.5 0.0077070674584948
0.8 0.6 0.0053093729954520
0.8 0.7 0.0025261117368201
0.8 0.8 0.0005758170893960
0.8 0.9 0.0000475145834160
0.8 1.0 0.0000158808349460

0.9 -0.9 0.0000013118330626
0.9 -0.8 0.0000026357167126
0.9 -0.7 0.0000365798265804
0.9 -0.6 0.0001138634309626
0.9 -0.5 0.0000957428358015
0.9 -0.4 0.0003149911384091
0.9 -0.3 0.0008700727136172
0.9 -0.2 0.0006014080088572
0.9 -0.1 0.0004229104335479
0.9 -1.38777878078e-16 0.0005220262735013
0.9 0.1 0.0004348455376521
0.9 0.2 0.0004920154120646
0.9 0.3 0.0012787588162153
0.9 0.4 0.0013357806225894
0.9 0.5 0.0010623103251685
0.9 0.6 0.0008107932352610
0.9 0.7 0.0003448132257730
0.9 0.8 0.0000495066200379
0.9 0.9 0.0000030167604453
0.9 1.0 0.0000010529545517

1.0 -0.9 0.0000003115490298
1.0 -0.8 0.0000009693858597
1.0 -0.7 0.0000099615532956
1.0 -0.6 0.0000526668434228
1.0 -0.5 0.0001452741058057
1.0 -0.4 0.0002408899713321
1.0 -0.3 0.0003112478537905
1.0 -0.2 0.0003936471309985
1.0 -0.1 0.0004638659625801
1.0 -1.38777878078e-16 0.0004821863361188
1.0 0.1 0.0004700358403564
1.0 0.2 0.0004173505657864
1.0 0.3 0.0003607150809868
1.0 0.4 0.0003541827068350
1.0 0.5 0.0003249559716377
1.0 0.6 0.0002376000062987
1.0 0.7 0.0001213333203512
1.0 0.8 0.0000258782764771
1.0 0.9 0.0000014101543440
1.0 1.0 0.0000004551579424

