-0.9 -0.9 0.0000026827471813
-0.9 -0.8 0.0000019017256284
-0.9 -0.7 -0.0000008735394911
-0.9 -0.6 0.0000028627391634
-0.9 -0.5 0.0000396029629487
-0.9 -0.4 0.0001909471110532
-0.9 -0.3 0.0004008595256340
-0.9 -0.2 0.0004894381231965
-0.9 -0.1 0.0005198572343287
-0.9 -1.38777878078e-16 0.0005464272020998
-0.9 0.1 0.0006214290714916
-0.9 0.2 0.0005772820824314
-0.9 0.3 0.0005436439504951
-0.9 0.4 0.0005434850565401
-0.9 0.5 0.0005151402860768
-0.9 0.6 0.0004736665465562
-0.9 0.7 0.0003596943201777
-0.9 0.8 0.0001318824677878
-0.9 0.9 0.0000185637412413
-0.9 1.0 0.0000051503031408

-0.8 -0.9 0.0000234209257495
-0.8 -0.8 0.0000087572891100
-0.8 -0.7 -0.0000149860126998
-0.8 -0.6 0.0000742492300031
-0.8 -0.5 0.0006203958140052
-0.8 -0.4 0.0012950625958208
-0.8 -0.3 0.0016095010680000
-0.8 -0.2 0.0021467785357675
-0.8 -0.1 0.0023074939080452
-0.8 -1.38777878078e-16 0.0024483035067105
-0.8 0.1 0.0019628053228175
-0.8 0.2 0.0021158181679045
-0.8 0.3 0.0022505233441099
-0.8 0.4 0.0022228032467897
-0.8 0.5 0.0027110678541853
-0.8 0.6 0.0030828212619521
-0.8 0.7 0.0027201278947683
-0.8 0.8 0.0012906972929568
-0.8 0.9 0.0002835309816579
-0.8 1.0 0.0000441800273693

-0.7 -0.9 0.0003219190252358
-0.7 -0.8 0.0002752555344169
-0.7 -0.7 0.0005065249504985
-0.7 -0.6 0.0033409206381605
-0.7 -0.5 0.0122190812554870
-0.7 -0.4 0.0254647839356287
-0.7 -0.3 0.0381518270732186
-0.7 -0.2 0.0462623033394371
-0.7 -0.1 0.0499991938212733
-0.7 -1.38777878078e-16 0.0514720461605651
-0.7 0.1 0.0523297208797656
-0.7 0.2 0.0532815503476041
-0.7 0.3 0.0544925910087208
-0.7 0.4 0.0542364372444427
-0.7 0.5 0.0521021699168370
-0.7 0.6 0.0436067978776894
-0.7 0.7 0.0286876837364966
-0.7 0.8 0.0133093747447713
-0.7 0.9 0.0036701384645424
-0.7 1.0 0.0006697143401245

-0.6 -0.9 0.0011393771273169
-0.6 -0.8 0.0027436002710541
-0.6 -0.7 0.0155674364288059
-0.6 -0.6 0.0506670912605655
-0.6 -0.5 0.1089642558930793
-0.6 -0.4 0.1760252887265002
-0.6 -0.3 0.2313721834912628
-0.6 -0.2 0.2640748151337327
-0.6 -0.1 0.2773626707801000
-0.6 -1.38777878078e-16 0.2807471533450660
-0.6 0.1 0.2807139199164342
-0.6 0.2 0.2782588444931077
-0.6 0.3 0.2713211208541321
-0.6 0.4 0.2544755514518725
-0.6 0.5 0.2200558866173136
-0.6 0.6 0.1646273316991727
-0.6 0.7 0.0984269803240009
-0.6 0.8 0.0414738945332901
-0.6 0.9 0.0090342053006642
-0.6 1.0 0.0011970002492009

-0.5 -0.9 0.0011460343795962
-0.5 -0.8 0.0031569893918828
-0.5 -0.7 0.0306480929250403
-0.5 -0.6 0.1219365785806107
-0.5 -0.5 0.2668409572226734
-0.5 -0.4 0.4229451177229978
-0.5 -0.3 0.5432394996486430
-0.5 -0.2 0.6083509404996723
-0.5 -0.1 0.6314960325230773
-0.5 -1.38777878078e-16 0.6356760205393043
-0.5 0.1 0.6341781995399817
-0.5 0.2 0.6265333955370666
-0.5 0.3 0.6059930748635093
-0.5 0.4 0.5588870794299550
-0.5 0.5 0.4689360526249058
-0.5 0.6 0.3354457964458312
-0.5 0.7 0.1870104433259787
-0.5 0.8 0.0680585483805316
-0.5 0.9 0.0090273761180711
-0.5 1.0 0.0015266593536567

-0.4 -0.9 0.0010791152907045
-0.4 -0.8 0.0028083782438387
-0.4 -0.7 0.0304465632654511
-0.4 -0.6 0.1480366111482950
-0.4 -0.5 0.3720676968461308
-0.4 -0.4 0.6145278039120355
-0.4 -0.3 0.7915279012368939
-0.4 -0.2 0.8767654479465604
-0.4 -0.1 0.9003111163256391
-0.4 -1.38777878078e-16 0.9031259243753818
-0.4 0.1 0.9025376541000996
-0.4 0.2 0.8973991594419933
-0.4 0.3 0.8765602985968781
-0.4 0.4 0.8155082600230011
-0.4 0.5 0.6827251978340504
-0.4 0.6 0.4773282314369999
-0.4 0.7 0.2503309223462278
-0.4 0.8 0.0760039837894863
-0.4 0.9 0.0068104039515342
-0.4 1.0 0.0013130338550127

-0.3 -0.9 0.0010835159211744
-0.3 -0.8 0.0015259270281877
-0.3 -0.7 0.0270226575386833
-0.3 -0.6 0.1476930497953733
-0.3 -0.5 0.3979968814973101
-0.3 -0.4 0.6907549903542870
-0.3 -0.3 0.8959909717465836
-0.3 -0.2 0.9795532897255679
-0.3 -0.1 0.9934351833909414
-0.3 -1.38777878078e-16 0.9899140289909626
-0.3 0.1 0.9909881505480476
-0.3 0.2 0.9912977502674740
-0.3 0.3 0.9862758381587219
-0.3 0.4 0.9393840800468237
-0.3 0.5 0.7975379398088649
-0.3 0.6 0.5529574735501611
-0.3 0.7 0.2762565370652179
-0.3 0.8 0.0756250991348287
-0.3 0.9 0.0058522163679375
-0.3 1.0 0.0012367303467468

-0.2 -0.9 0.0009774954091218
-0.2 -0.8 0.0023732963753077
-0.2 -0.7 0.0238705945915502
-0.2 -0.6 0.1435592974923209
-0.2 -0.5 0.3989662516177432
-0.2 -0.4 0.7061726989181425
-0.2 -0.3 0.9201397306467760
-0.2 -0.2 0.9940152493762420
-0.2 -0.1 0.9994111959117602
-0.2 -1.38777878078e-16 0.9997679302925139
-0.2 0.1 0.9998500554458706
-0.2 0.2 0.9997727331609026
-0.2 0.3 1.0001974439623211
-0.2 0.4 0.9725548596530739
-0.2 0.5 0.8404116076434739
-0.2 0.6 0.5826846043343321
-0.2 0.7 0.2832890385060201
-0.2 0.8 0.0737098386548422
-0.2 0.9 0.0053068182536645
-0.2 1.0 0.0012996924650836

-0.1 -0.9 0.0009689354289903
-0.1 -0.8 0.0023952594679095
-0.1 -0.7 0.0222841106385083
-0.1 -0.6 0.1400723945274176
-0.1 -0.5 0.3974640387666878
-0.1 -0.4 0.7087980516184633
-0.1 -0.3 0.9254259931178058
-0.1 -0.2 0.9955475648418929
-0.1 -0.1 0.9992549463809596
-0.1 -1.38777878078e-16 0.9997023498569120
-0.1 0.1 0.9997777636017958
-0.1 0.2 0.9996769852020494
-0.1 0.3 0.9994831469904656
-0.1 0.4 0.9779743926020713
-0.1 0.5 0.8549685123381656
-0.1 0.6 0.5941362694779855
-0.1 0.7 0.2852556299767724
-0.1 0.8 0.0719359656872952
-0.1 0.9 0.0050054571067267
-0.1 1.0 0.0013093738276491

-1.38777878078e-16 -0.9 0.0011166840880359
-1.38777878078e-16 -0.8 0.0011421018466495
-1.38777878078e-16 -0.7 0.0218743006848163
-1.38777878078e-16 -0.6 0.1383434248003381
-1.38777878078e-16 -0.5 0.3961555872146268
-1.38777878078e-16 -0.4 0.7094100969188084
-1.38777878078e-16 -0.3 0.9271181952662914
-1.38777878078e-16 -0.2 0.9953548907206207
-1.38777878078e-16 -0.1 0.9991183544248832
-1.38777878078e-16 -1.38777878078e-16 0.9996825165099983
-1.38777878078e-16 0.1 0.9997473472101741
-1.38777878078e-16 0.2 0.9996786252701745
-1.38777878078e-16 0.3 0.9995407122548424
-1.38777878078e-16 0.4 0.9787508712598151
-1.38777878078e-16 0.5 0.8597294940058449
-1.38777878078e-16 0.6 0.5989084406346437
-1.38777878078e-16 0.7 0.2858968579818858
-1.38777878078e-16 0.8 0.0709517470645743
-1.38777878078e-16 0.9 0.0047547465374096
-1.38777878078e-16 1.0 0.0014826756009688

0.1 -0.9 0.0011445764082059
0.1 -0.8 0.0019074091878313
0.1 -0.7 0.0219977731902903
0.1 -0.6 0.1375935329334114
0.1 -0.5 0.3954857102143851
0.1 -0.4 0.7094783968273368
0.1 -0.3 0.9275231957299193
0.1 -0.2 0.9953460547079950
0.1 -0.1 0.9988789929795935
0.1 -1.38777878078e-16 0.9993715302637075
0.1 0.1 0.9994203835180999
0.1 0.2 0.9994555670542781
0.1 0.3 0.9990860563827855
0.1 0.4 0.9783903354243343
0.1 0.5 0.8607554582237660
0.1 0.6 0.6006069747398693
0.1 0.7 0.2861569551391895
0.1 0.8 0.0703700800763878
0.1 0.9 0.0046067299924619
0.1 1.0 0.0015952781761649

0.2 -0.9 0.0011318996287266
0.2 -0.8 0.0017629279510564
0.2 -0.7 0.0218878711444772
0.2 -0.6 0.1375264728513821
0.2 -0.5 0.3952639954042197
0.2 -0.4 0.7094010717717343
0.2 -0.3 0.9274401408391146
0.2 -0.2 0.9950648660937536
0.2 -0.1 0.9985255370529946
0.2 -1.38777878078e-16 0.9989085625027911
0.2 0.1 0.9989520264244264
0.2 0.2 0.9989350049697225
0.2 0.3 0.9972681267929530
0.2 0.4 0.9778747434465667
0.2 0.5 0.8606621037227097
0.2 0.6 0.6008405948375342
0.2 0.7 0.2861352472451594
0.2 0.8 0.0700503275804929
0.2 0.9 0.0045012610288497
0.2 1.0 0.0013188985556011

0.3 -0.9 0.0011116969463560
0.3 -0.8 0.0017777775856137
0.3 -0.7 0.0220818345201489
0.3 -0.6 0.1376439461957042
0.3 -0.5 0.3944818147142403
0.3 -0.4 0.7082638605825180
0.3 -0.3 0.9263377948806696
0.3 -0.2 0.9933831590687624
0.3 -0.1 0.9969176021812629
0.3 -1.38777878078e-16 0.9971551728673803
0.3 0.1 0.9970487057859871
0.3 0.2 0.9970109732834413
0.3 0.3 0.9964195091295422
0.3 0.4 0.9757442062998014
0.3 0.5 0.8568492109884235
0.3 0.6 0.5970883280833200
0.3 0.7 0.2833436275189581
0.3 0.8 0.0687129865188348
0.3 0.9 0.0042456341373693
0.3 1.0 0.0012819376209945

0.4 -0.9 0.0007803844573103
0.4 -0.8 0.0016875967054102
0.4 -0.7 0.0224248293629195
0.4 -0.6 0.1342659090045712
0.4 -0.5 0.3808206548873896
0.4 -0.4 0.6790997148920883
0.4 -0.3 0.8811404962763758
0.4 -0.2 0.9393000809185361
0.4 -0.1 0.9412949843932816
0.4 -1.38777878078e-16 0.9416139376961996
0.4 0.1 0.9415819020502072
0.4 0.2 0.9413399129191229
0.4 0.3 0.9397939461561805
0.4 0.4 0.9151111833125849
0.4 0.5 0.7999263413492427
0.4 0.6 0.5531888127334705
0.4 0.7 0.2572452089204075
0.4 0.8 0.0585566600710401
0.4 0.9 0.0025154565527209
0.4 1.0 0.0008910680184224

0.5 -0.9 0.0001431514123419
0.5 -0.8 -0.0000341679428348
0.5 -0.7 0.0097260639354609
0.5 -0.6 0.0875343945738434
0.5 -0.5 0.2794855759327950
0.5 -0.4 0.5179469795761533
0.5 -0.3 0.6724045203843811
0.5 -0.2 0.7078456584944267
0.5 -0.1 0.7076210800362257
0.5 -1.38777878078e-16 0.7070900873505073
0.5 0.1 0.7069969153433274
0.5 0.2 0.7075273507035330
0.5 0.3 0.7075612010315177
0.5 0.4 0.6964947900523649
0.5 0.5 0.6171420789464729
0.5 0.6 0.4247144606712123
0.5 0.7 0.1871027773118726
0.5 0.8 0.0345076768797582
0.5 0.9 0.0002651720870967
0.5 1.0 0.0002185482179381

0.6 -0.9 0.0000043541002125
0.6 -0.8 0.0000389332242800
0.6 -0.7 0.0000493646327942
0.6 -0.6 0.0215915801693959
0.6 -0.5 0.1217217722030139
0.6 -0.4 0.2653585852107900
0.6 -0.3 0.3512803158970312
0.6 -0.2 0.3610408877430043
0.6 -0.1 0.3589009380080650
0.6 -1.38777878078e-16 0.3566430541630387
0.6 0.1 0.3568852183576044
0.6 0.2 0.3598392509977404
0.6 0.3 0.3646808774154663
0.6 0.4 0.3667500992220441
0.6 0.5 0.3443936719225319
0.6 0.6 0.2412232709021578
0.6 0.7 0.0955251767977705
0.6 0.8 0.0095359401975125
0.6 0.9 0.0000569832382425
0.6 1.0 -0.0000241953367494

0.7 -0.9 -0.0000001487991342
0.7 -0.8 0.0000021750766781
0.7 -0.7 0.0001727165047896
0.7 -0.6 -0.0003551792965631
0.7 -0.5 0.0209899416589864
0.7 -0.4 0.0767350510116420
0.7 -0.3 0.1055194932845344
0.7 -0.2 0.1042094384206898
0.7 -0.1 0.0997405164030128
0.7 -1.38777878078e-16 0.0965776478670036
0.7 0.1 0.0966035044996201
0.7 0.2 0.0999107732282467
0.7 0.3 0.1069444053997402
0.7 0.4 0.1148953470816524
0.7 0.5 0.1168129533882511
0.7 0.6 0.0911251346506240
0.7 0.7 0.0300083646979499
0.7 0.8 0.0003109994328013
0.7 0.9 -0.0000921825039167
0.7 1.0 -0.0000122036295349

0.8 -0.9 0.0000011945622140
0.8 -0.8 -0.0000003196450696
0.8 -0.7 -0.0000084685201862
0.8 -0.6 0.0001012186611816
0.8 -0.5 0.0009219843426699
0.8 -0.4 0.0088834638483565
0.8 -0.3 0.0132086022405408
0.8 -0.2 0.0120362011912306
0.8 -0.1 0.0093681791715472
0.8 -1.38777878078e-16 0.0075657895890127
0.8 0.1 0.0097234401025087
0.8 0.2 0.0106416178415182
0.8 0.3 0.0123390442179775
0.8 0.4 0.0160412225814182
0.8 0.5 0.0201565478175757
0.8 0.6 0.0190069136296690
0.8 0.7 0.0054482968543496
0.8 0.8 0.0000385273809889
0.8 0.9 -0.0000259402179798
0.8 1.0 0.0000013944352797

0.9 -0.9 0.0000012133157338
0.9 -0.8 0.0000004660266973
0.9 -0.7 -0.0000000760679884
0.9 -0.6 -0.0000052080352207
0.9 -0.5 -0.0000099731677596
0.9 -0.4 0.0001097419518448
0.9 -0.3 0.0008398258416300
0.9 -0.2 0.0012620477253490
0.9 -0.1 0.0010836124176443
0.9 -1.38777878078e-16 0.0005123505756801
0.9 0.1 0.0003904054138734
0.9 0.2 0.0004186051655998
0.9 0.3 0.0004181141373296
0.9 0.4 0.0006100432598318
0.9 0.5 0.0015105701050715
0.9 0.6 0.0018808986557524
0.9 0.7 0.0007533087648873
0.9 0.8 0.0000402274393239
0.9 0.9 0.0000028318650860
0.9 1.0 0.0000022783423770

1.0 -0.9 0.0000012579945104
1.0 -0.8 0.0000008199526915
1.0 -0.7 0.0000001355882570
1.0 -0.6 -0.0000007788318657
1.0 -0.5 0.0000212658972989
1.0 -0.4 0.0001456736077000
1.0 -0.3 0.0002454003984839
1.0 -0.2 0.0002794241065725
1.0 -0.1 0.0002717167493083
1.0 -1.38777878078e-16 0.0003332703732622
1.0 0.1 0.0004176239065275
1.0 0.2 0.0004137726966015
1.0 0.3 0.0004062384511377
1.0 0.4 0.0004044939144663
1.0 0.5 0.0004397677300302
1.0 0.6 0.0004414838609287
1.0 0.7 0.0003003965314679
1.0 0.8 0.0000509111229657
1.0 0.9 0.0000063701449965
1.0 1.0 0.0000028353486139

