-0.9 -0.9 0.1222671433684627
-0.9 -0.8 0.1260465696295005
-0.9 -0.7 0.1331479826191099
-0.9 -0.6 0.1428670345677432
-0.9 -0.5 0.1542465818761131
-0.9 -0.4 0.1661725934328591
-0.9 -0.3 0.1774832465012095
-0.9 -0.2 0.1870805130330451
-0.9 -0.1 0.1940341397950173
-0.9 -1.38777878078e-16 0.1976691919903083
-0.9 0.1 0.1976299374849825
-0.9 0.2 0.1939146460192504
-0.9 0.3 0.1868778949478395
-0.9 0.4 0.1771993333858481
-0.9 0.5 0.1658206389803397
-0.9 0.6 0.1538555170617860
-0.9 0.7 0.1424807291959929
-0.9 0.8 0.1328188007449095
-0.9 0.9 0.1258246835977840
-0.9 1.0 0.1221887785016008

-0.8 -0.9 0.1348274051527904
-0.8 -0.8 0.1389950843976256
-0.8 -0.7 0.1468260114965107
-0.8 -0.6 0.1575434824267868
-0.8 -0.5 0.1700920281205163
-0.8 -0.4 0.1832431752539088
-0.8 -0.3 0.1957157493386197
-0.8 -0.2 0.2062989240771315
-0.8 -0.1 0.2139668831615468
-0.8 -1.38777878078e-16 0.2179753570784443
-0.8 0.1 0.2179320700354348
-0.8 0.2 0.2138351140265634
-0.8 0.3 0.2060754914368271
-0.8 0.4 0.1954026703905196
-0.8 0.5 0.1828550652166754
-0.8 0.6 0.1696607899913700
-0.8 0.7 0.1571174926683385
-0.8 0.8 0.1464630134195209
-0.8 0.9 0.1387504044527787
-0.8 1.0 0.1347409900181675

-0.7 -0.9 0.1570961743819705
-0.7 -0.8 0.1619522083957736
-0.7 -0.7 0.1710765306187284
-0.7 -0.6 0.1835641527033362
-0.7 -0.5 0.1981852790263438
-0.7 -0.4 0.2135085354596270
-0.7 -0.3 0.2280411423223293
-0.7 -0.2 0.2403722871838064
-0.7 -0.1 0.2493067247791456
-0.7 -1.38777878078e-16 0.2539772583160099
-0.7 0.1 0.2539268217682666
-0.7 0.2 0.2491531919941450
-0.7 0.3 0.2401119512900457
-0.7 0.4 0.2276763536877759
-0.7 0.5 0.2130563232256266
-0.7 0.6 0.1976828154488555
-0.7 0.7 0.1830678043437259
-0.7 0.8 0.1706535779620451
-0.7 0.9 0.1616671158862805
-0.7 1.0 0.1569954864910883

-0.6 -0.9 0.1867199492781648
-0.6 -0.8 0.1924916902407787
-0.6 -0.7 0.2033365945764204
-0.6 -0.6 0.2181790194248670
-0.6 -0.5 0.2355572654334785
-0.6 -0.4 0.2537700428945147
-0.6 -0.3 0.2710430772440686
-0.6 -0.2 0.2856995178107138
-0.6 -0.1 0.2963187307940577
-0.6 -1.38777878078e-16 0.3018699912785100
-0.6 0.1 0.3018100438630275
-0.6 0.2 0.2961362461858829
-0.6 0.3 0.2853900901300621
-0.6 0.4 0.2706095000700284
-0.6 0.5 0.2532325565697986
-0.6 0.6 0.2349600518216778
-0.6 0.7 0.2175890741833910
-0.6 0.8 0.2028338853353223
-0.6 0.9 0.1921528375658390
-0.6 1.0 0.1866002745760124

-0.5 -0.9 0.2205954333870509
-0.5 -0.8 0.2274143068066705
-0.5 -0.7 0.2402267373006293
-0.5 -0.6 0.2577619345552093
-0.5 -0.5 0.2782930118428611
-0.5 -0.4 0.2998100246351788
-0.5 -0.3 0.3202168023414689
-0.5 -0.2 0.3375322732978910
-0.5 -0.1 0.3500780666067802
-0.5 -1.38777878078e-16 0.3566364590932085
-0.5 0.1 0.3565656357765252
-0.5 0.2 0.3498624749071122
-0.5 0.3 0.3371667080030245
-0.5 0.4 0.3197045638528453
-0.5 0.5 0.2991750253798839
-0.5 0.6 0.2775874493358602
-0.5 0.7 0.2570649590755076
-0.5 0.8 0.2396328245273213
-0.5 0.9 0.2270139781167171
-0.5 1.0 0.2204540468191515

-0.4 -0.9 0.2552406306517463
-0.4 -0.8 0.2631304292991389
-0.4 -0.7 0.2779550917558717
-0.4 -0.6 0.2982442461465197
-0.4 -0.5 0.3219997928248836
-0.4 -0.4 0.3468961192380270
-0.4 -0.3 0.3705078447001066
-0.4 -0.2 0.3905427640957163
-0.4 -0.1 0.4050589131701572
-0.4 -1.38777878078e-16 0.4126473215455950
-0.4 0.1 0.4125653752072800
-0.4 0.2 0.4048094621251305
-0.4 0.3 0.3901197856370354
-0.4 0.4 0.3699151575674994
-0.4 0.5 0.3461613913794476
-0.4 0.6 0.3211834195369779
-0.4 0.7 0.2974378085051940
-0.4 0.8 0.2772679031387562
-0.4 0.9 0.2626672277463108
-0.4 1.0 0.2550770388846721

-0.3 -0.9 0.2871895889659165
-0.3 -0.8 0.2960669688124665
-0.3 -0.7 0.3127472626459217
-0.3 -0.6 0.3355760493286597
-0.3 -0.5 0.3623051232570518
-0.3 -0.4 0.3903177705032792
-0.3 -0.3 0.4168850208384455
-0.3 -0.2 0.4394277494451657
-0.3 -0.1 0.4557609126857187
-0.3 -1.38777878078e-16 0.4642991766630593
-0.3 0.1 0.4642069729447177
-0.3 0.2 0.4554802373758928
-0.3 0.3 0.4389518259631565
-0.3 0.4 0.4162181459229424
-0.3 0.5 0.3894910753522428
-0.3 0.6 0.3613865629620168
-0.3 0.7 0.3346686683441056
-0.3 0.8 0.3119740573142019
-0.3 0.9 0.2955457874346216
-0.3 1.0 0.2870055201042141

-0.2 -0.9 0.3133594540573215
-0.2 -0.8 0.3230457762955016
-0.2 -0.7 0.3412460452815321
-0.2 -0.6 0.3661550824003632
-0.2 -0.5 0.3953198165532185
-0.2 -0.4 0.4258850883633323
-0.2 -0.3 0.4548732529092969
-0.2 -0.2 0.4794701651950085
-0.2 -0.1 0.4972916716587968
-0.2 -1.38777878078e-16 0.5066079764321368
-0.2 0.1 0.5065073707418484
-0.2 0.2 0.4969854200910742
-0.2 0.3 0.4789508736599898
-0.2 0.4 0.4541456096817029
-0.2 0.5 0.4249830614405133
-0.2 0.6 0.3943175533667035
-0.2 0.7 0.3651650172278557
-0.2 0.8 0.3404023823845088
-0.2 0.9 0.3224771027839917
-0.2 1.0 0.3131586121040330

-0.1 -0.9 0.3313439493832618
-0.1 -0.8 0.3415861942679826
-0.1 -0.7 0.3608310229386565
-0.1 -0.6 0.3871696529924923
-0.1 -0.5 0.4180082253470135
-0.1 -0.4 0.4503277157737596
-0.1 -0.3 0.4809795847429809
-0.1 -0.2 0.5069881763264042
-0.1 -0.1 0.5258325043312353
-0.1 -1.38777878078e-16 0.5356834955085812
-0.1 0.1 0.5355771158020843
-0.1 0.2 0.5255086762078449
-0.1 0.3 0.5064390813306524
-0.1 0.4 0.4802101802215878
-0.1 0.5 0.4493739192337574
-0.1 0.6 0.4169484397294378
-0.1 0.7 0.3861227654639436
-0.1 0.8 0.3599389400841954
-0.1 0.9 0.3409848831386275
-0.1 1.0 0.3311315805999276

-1.38777878078e-16 -0.9 0.3396005230901044
-1.38777878078e-16 -0.8 0.3500979887204330
-1.38777878078e-16 -0.7 0.3698223684639143
-1.38777878078e-16 -0.6 0.3968173160415241
-1.38777878078e-16 -0.5 0.4284243374536872
-1.38777878078e-16 -0.4 0.4615491791034531
-1.38777878078e-16 -0.3 0.4929648447735586
-1.38777878078e-16 -0.2 0.5196215298375462
-1.38777878078e-16 -0.1 0.5389354290641163
-1.38777878078e-16 -1.38777878078e-16 0.5490318915557646
-1.38777878078e-16 0.1 0.5489228610331317
-1.38777878078e-16 0.2 0.5386035316496642
-1.38777878078e-16 0.3 0.5190587522521080
-1.38777878078e-16 0.4 0.4921762678931920
-1.38777878078e-16 0.5 0.4605716154433676
-1.38777878078e-16 0.6 0.4273381436337548
-1.38777878078e-16 0.7 0.3957443417108524
-1.38777878078e-16 0.8 0.3689080562980255
-1.38777878078e-16 0.9 0.3494816938568961
-1.38777878078e-16 1.0 0.3393828624083791

0.1 -0.9 0.3375222237370201
0.1 -0.8 0.3479554466040278
0.1 -0.7 0.3675591163872066
0.1 -0.6 0.3943888593250338
0.1 -0.5 0.4258024509640148
0.1 -0.4 0.4587245740303543
0.1 -0.3 0.4899479809929501
0.1 -0.2 0.5164415315281102
0.1 -0.1 0.5356372328676370
0.1 -1.38777878078e-16 0.5456719066692269
0.1 0.1 0.5455635433954623
0.1 0.2 0.5353073666107798
0.1 0.3 0.5158821980489446
0.1 0.4 0.4891642300734077
0.1 0.5 0.4577529928991055
0.1 0.6 0.4247229044716330
0.1 0.7 0.3933224514208123
0.1 0.8 0.3666503996614121
0.1 0.9 0.3473429233637044
0.1 1.0 0.3373058951028720

0.2 -0.9 0.3254140738095119
0.2 -0.8 0.3354730190206600
0.2 -0.7 0.3543734338589170
0.2 -0.6 0.3802406963223893
0.2 -0.5 0.4105273681600162
0.2 -0.4 0.4422684549153076
0.2 -0.3 0.4723717646927021
0.2 -0.2 0.4979148951979158
0.2 -0.1 0.5164219769046099
0.2 -1.38777878078e-16 0.5260966704550685
0.2 0.1 0.5259921945661131
0.2 0.2 0.5161039441502993
0.2 0.3 0.4973756270452648
0.2 0.4 0.4716161297695958
0.2 0.5 0.4413317279334349
0.2 0.6 0.4094865489272463
0.2 0.7 0.3792125443488299
0.2 0.8 0.3534973161076010
0.2 0.9 0.3348824692170656
0.2 1.0 0.3252055056703821

0.3 -0.9 0.3044131001798362
0.3 -0.8 0.3138228797275306
0.3 -0.7 0.3315035344338380
0.3 -0.6 0.3557014231959588
0.3 -0.5 0.3840335096367508
0.3 -0.4 0.4137261486463084
0.3 -0.3 0.4418867065095029
0.3 -0.2 0.4657813815441846
0.3 -0.1 0.4830940873275066
0.3 -1.38777878078e-16 0.4921444133398625
0.3 0.1 0.4920466799232385
0.3 0.2 0.4827965791848343
0.3 0.3 0.4652769156854866
0.3 0.4 0.4411798373601322
0.3 0.5 0.4128498744236363
0.3 0.6 0.3830598608769869
0.3 0.7 0.3547396241991813
0.3 0.8 0.3306839579549276
0.3 0.9 0.3132704417385456
0.3 1.0 0.3042179922267966

0.4 -0.9 0.2763883720206523
0.4 -0.8 0.2849318731010068
0.4 -0.7 0.3009848201248000
0.4 -0.6 0.3229550148284719
0.4 -0.5 0.3486788067503466
0.4 -0.4 0.3756378967238080
0.4 -0.3 0.4012059512470978
0.4 -0.2 0.4229008465354304
0.4 -0.1 0.4386197185678694
0.4 -1.38777878078e-16 0.4468368579463438
0.4 0.1 0.4467481220151478
0.4 0.2 0.4383495994725758
0.4 0.3 0.4224428225629298
0.4 0.4 0.4005641575354910
0.4 0.5 0.3748422936249108
0.4 0.6 0.3477947935607958
0.4 0.7 0.3220817604948924
0.4 0.8 0.3002406950900409
0.4 0.9 0.2844302933847339
0.4 1.0 0.2762112259994165

0.5 -0.9 0.2438323220965285
0.5 -0.8 0.2513694760369315
0.5 -0.7 0.2655315311215484
0.5 -0.6 0.2849138356387185
0.5 -0.5 0.3076075975780593
0.5 -0.4 0.3313911506334213
0.5 -0.3 0.3539475196308789
0.5 -0.2 0.3730869525133877
0.5 -0.1 0.3869542836184799
0.5 -1.38777878078e-16 0.3942035183131093
0.5 0.1 0.3941252346718739
0.5 0.2 0.3867159821090260
0.5 0.3 0.3726828796214127
0.5 0.4 0.3533813234126228
0.5 0.5 0.3306892623822876
0.5 0.6 0.3068277131451642
0.5 0.7 0.2841434427658894
0.5 0.8 0.2648750572842846
0.5 0.9 0.2509269778737809
0.5 1.0 0.2436760422740733

0.6 -0.9 0.2097230944350023
0.6 -0.8 0.2162058906206061
0.6 -0.7 0.2283868434588807
0.6 -0.6 0.2450577952247145
0.6 -0.5 0.2645769710967535
0.6 -0.4 0.2850334893324900
0.6 -0.3 0.3044344918931423
0.6 -0.2 0.3208965468632858
0.6 -0.1 0.3328240040843319
0.6 -1.38777878078e-16 0.3390591574855344
0.6 0.1 0.3389918247900887
0.6 0.2 0.3326190381079532
0.6 0.3 0.3205489989395582
0.6 0.4 0.3039474997588384
0.6 0.5 0.2844297868589636
0.6 0.6 0.2639061831751108
0.6 0.7 0.2443951711073244
0.6 0.8 0.2278222024655015
0.6 0.9 0.2158252926618950
0.6 1.0 0.2095886762919061

0.7 -0.9 0.1773220796358836
0.7 -0.8 0.1828033210060041
0.7 -0.7 0.1931023865192631
0.7 -0.6 0.2071977718872455
0.7 -0.5 0.2237013470787761
0.7 -0.4 0.2409974506168363
0.7 -0.3 0.2574011095955672
0.7 -0.2 0.2713198715242434
0.7 -0.1 0.2814046050386987
0.7 -1.38777878078e-16 0.2866764630137517
0.7 0.1 0.2866195328334294
0.7 0.2 0.2812313051296735
0.7 0.3 0.2710260177606675
0.7 0.4 0.2569893549518846
0.7 0.5 0.2404870167117128
0.7 0.6 0.2231341920423660
0.7 0.7 0.2066375193941710
0.7 0.8 0.1926249793197201
0.7 0.9 0.1824815232482243
0.7 1.0 0.1772084283246685

0.8 -0.9 0.1498847744974623
0.8 -0.8 0.1545178953609987
0.8 -0.7 0.1632233713804500
0.8 -0.6 0.1751377571223333
0.8 -0.5 0.1890877099486474
0.8 -0.4 0.2037075620494700
0.8 -0.3 0.2175730588449566
0.8 -0.2 0.2293381503510305
0.8 -0.1 0.2378624582758246
0.8 -1.38777878078e-16 0.2423185939437348
0.8 0.1 0.2422704726536099
0.8 0.2 0.2377159733155872
0.8 0.3 0.2290897650107545
0.8 0.4 0.2172250156004640
0.8 0.5 0.2032761083302130
0.8 0.6 0.1886083116418376
0.8 0.7 0.1746641933182174
0.8 0.8 0.1628198340962387
0.8 0.9 0.1542458898416767
0.8 1.0 0.1497887086201176

0.9 -0.9 0.1303013968061630
0.9 -0.8 0.1343291716226158
0.9 -0.7 0.1418972230741410
0.9 -0.6 0.1522549202415816
0.9 -0.5 0.1643822249978067
0.9 -0.4 0.1770919025232511
0.9 -0.3 0.1891457859541787
0.9 -0.2 0.1993736951059499
0.9 -0.1 0.2067842492007910
0.9 -1.38777878078e-16 0.2106581630378252
0.9 0.1 0.2106163290934475
0.9 0.2 0.2066569034113736
0.9 0.3 0.1991577628547079
0.9 0.4 0.1888432167235254
0.9 0.5 0.1767168209149630
0.9 0.6 0.1639654630604233
0.9 0.7 0.1518432304928394
0.9 0.8 0.1415464104450905
0.9 0.9 0.1340927053155777
0.9 1.0 0.1302178825329795

1.0 -0.9 0.1207251349493375
1.0 -0.8 0.1244568958527540
1.0 -0.7 0.1314687472617460
1.0 -0.6 0.1410652244980092
1.0 -0.5 0.1523012552632432
1.0 -0.4 0.1640768583805634
1.0 -0.3 0.1752448637859629
1.0 -0.2 0.1847210915384096
1.0 -0.1 0.1915870205696996
1.0 -1.38777878078e-16 0.1951762282238107
1.0 0.1 0.1951374687883461
1.0 0.2 0.1914690338252020
1.0 0.3 0.1845210288314082
1.0 0.4 0.1749645313252413
1.0 0.5 0.1637293427062307
1.0 0.6 0.1519151224790552
1.0 0.7 0.1406837911312732
1.0 0.8 0.1311437169625923
1.0 0.9 0.1242378082026760
1.0 1.0 0.1206477584042858

