501 501 31
-5000 -5000 800
20 20 10
31
-1500 0 950
0.9848 0 0.1736
2 100 100
-1400 0 950
0.9848 0 0.1736
2 100 100
-1300 0 950
0.9848 0 0.1736
2 100 100
-1200 0 950
0.9848 0 0.1736
2 100 100
-1100 0 950
0.9848 0 0.1736
2 100 100
-1000 0 950
0.9848 0 0.1736
2 100 100
-900 0 950
0.9848 0 0.1736
2 100 100
-800 0 950
0.9848 0 0.1736
2 100 100
-700 0 950
0.9848 0 0.1736
2 100 100
-600 0 950
0.9848 0 0.1736
2 100 100
-500 0 950
0.9848 0 0.1736
2 100 100
-400 0 950
0.9848 0 0.1736
2 100 100
-300 0 950
0.9848 0 0.1736
2 100 100
-200 0 950
0.9848 0 0.1736
2 100 100
-100 0 950
0.9848 0 0.1736
2 100 100
0 0 950
0.9848 0 0.1736
2 100 100
100 0 950
0.9848 0 0.1736
2 100 100
200 0 950
0.9848 0 0.1736
2 100 100
300 0 950
0.9848 0 0.1736
2 100 100
400 0 950
0.9848 0 0.1736
2 100 100
500 0 950
0.9848 0 0.1736
2 100 100
600 0 950
0.9848 0 0.1736
2 100 100
700 0 950
0.9848 0 0.1736
2 100 100
800 0 950
0.9848 0 0.1736
2 100 100
900 0 950
0.9848 0 0.1736
2 100 100
1000 0 950
0.9848 0 0.1736
2 100 100
1100 0 950
0.9848 0 0.1736
2 100 100
1200 0 950
0.9848 0 0.1736
2 100 100
1300 0 950
0.9848 0 0.1736
2 100 100
1400 0 950
0.9848 0 0.1736
2 100 100
1500 0 950
0.9848 0 0.1736
2 100 100
